616
611
608
687
52
615
921
414
266
130
644
401
1093
285
375
155
220
1030
604
249
616
611
608
687
52
615
921
414
266
130
644
401
1093
285
375
155
220
1030
604
249
616
611
608
687
52
615
921
414
266
130
644
401
1093
285
375
155
220
1030
604
249
616
611
608
687
52
615
921
414
266
130
644
401
1093
285
375
155
220
1030
604
249
616
611
608
687
52
615
921
414
266
130
644
401
1093
285
375
155
220
1030
604
249
616
611
608
687
52
615
921
414
266
130
644
401
1093
285
375
155
220
1030
604
249
616
611
608
687
52
615
921
414
266
130
644
401
1093
285
375
155
220
1030
604
249
616
611
608
687
52
615
921
414
266
130
644
401
1093
285
375
155
220
1030
604
249
616
611
608
687
52
615
921
414
266
130
644
401
1093
285
375
155
220
1030
604
249
616
611
608
687
52
615
921
414
266
130
644
401
1093
285
375
155
220
1030
604
249
616
611
608
687
52
615
921
414
266
130
644
401
1093
285
375
155
220
1030
604
249
616
611
608
687
52
615
921
414
266
130
644
401
1093
285
375
155
220
1030
604
249
616
611
608
687
52
615
921
414
266
130
644
401
1093
285
375
155
220
1030
604
249
616
611
608
687
52
615
921
414
266
130
644
401
1093
285
375
155
220
1030
604
249
616
611
608
687
52
615
921
414
266
130
644
401
1093
285
375
155
220
1030
604
249
616
611
608
687
52
615
921
414
266
130
644
401
1093
285
375
155
220
1030
604
249
616
611
608
687
52
615
921
414
266
130
644
401
1093
285
375
155
220
1030
604
249
616
611
608
687
52
615
921
414
266
130
644
401
1093
285
375
155
220
1030
604
249
616
611
608
687
52
615
921
414
266
130
644
401
1093
285
375
155
220
1030
604
249
616
611
608
687
52
615
921
414
266
130
644
401
1093
285
375
155
220
1030
604
249
616
611
608
687
52
615
921
414
266
130
644
401
1093
285
375
155
220
1030
604
249
616
611
608
687
52
615
921
414
266
130
644
401
1093
285
375
155
220
1030
604
249
616
611
608
687
52
615
921
414
266
130
644
401
1093
285
375
155
220
1030
604
249
616
611
608
687
52
615
921
414
266
130
644
401
1093
285
375
155
220
1030
604
249
616
611
608
687
52
615
921
414
266
130
644
401
1093
285
375
155
220
1030
604
249
616
611
608
687
52
615
921
414
266
130
644
401
1093
285
375
155
220
1030
604
249
616
611
608
687
52
615
921
414
266
130
644
401
1093
285
375
155
220
1030
604
249
616
611
608
687
52
615
921
414
266
130
644
401
1093
285
375
155
220
1030
604
249
616
611
608
687
52
615
921
414
266
130
644
401
1093
285
375
155
220
1030
604
249
616
611
608
687
52
615
921
414
266
130
644
401
1093
285
375
155
220
1030
604
249
616
611
608
687
52
615
921
414
266
130
644
401
1093
285
375
155
220
1030
604
249
616
611
608
687
52
615
921
414
266
130
644
401
1093
285
375
155
220
1030
604
249
616
611
608
687
52
615
921
414
266
130
644
401
1093
285
375
155
220
1030
604
249
616
611
608
687
52
615
921
414
266
130
644
401
1093
285
375
155
220
1030
604
249
616
611
608
687
52
615
921
414
266
130
644
401
1093
285
375
155
220
1030
604
249
616
611
608
687
52
615
921
414
266
130
644
401
1093
285
375
155
220
1030
604
249
616
611
608
687
52
615
921
414
266
130
644
401
1093
285
375
155
220
1030
604
249
616
611
608
687
52
615
921
414
266
130
644
401
1093
285
375
155
220
1030
604
249
616
611
608
687
52
615
921
414
266
130
644
401
1093
285
375
155
220
1030
604
249
616
611
608
687
52
615
921
414
266
130
644
401
1093
285
375
155
220
1030
604
249
616
611
608
687
52
615
921
414
266
130
644
401
1093
285
375
155
220
1030
604
249
616
611
608
687
52
615
921
414
266
130
644
401
1093
285
375
155
220
1030
604
249
616
611
608
687
52
615
921
414
266
130
644
401
1093
285
375
155
220
1030
604
249
616
611
608
687
52
615
921
414
266
130
644
401
1093
285
375
155
220
1030
604
249
616
611
608
687
52
615
921
414
266
130
644
401
1093
285
375
155
220
1030
604
249
616
611
608
687
52
615
921
414
266
130
644
401
1093
285
375
155
220
1030
604
249
616
611
608
687
52
615
921
414
266
130
644
401
1093
285
375
155
220
1030
604
249
616
611
608
687
52
615
921
414
266
130
644
401
1093
285
375
155
220
1030
604
249
616
611
608
687
52
615
921
414
266
130
644
401
1093
285
375
155
220
1030
604
249
616
611
608
687
52
615
921
414
266
130
644
401
1093
285
375
155
220
1030
604
249
