616
611
608
921
52
266
615
414
644
1093
401
285
220
130
232
171
476
687
155
1030
616
611
608
921
52
266
615
414
644
1093
401
285
220
130
232
171
476
687
155
1030
616
611
608
921
52
266
615
414
644
1093
401
285
220
130
232
171
476
687
155
1030
616
611
608
921
52
266
615
414
644
1093
401
285
220
130
232
171
476
687
155
1030
616
611
608
921
52
266
615
414
644
1093
401
285
220
130
232
171
476
687
155
1030
616
611
608
921
52
266
615
414
644
1093
401
285
220
130
232
171
476
687
155
1030
616
611
608
921
52
266
615
414
644
1093
401
285
220
130
232
171
476
687
155
1030
616
611
608
921
52
266
615
414
644
1093
401
285
220
130
232
171
476
687
155
1030
616
611
608
921
52
266
615
414
644
1093
401
285
220
130
232
171
476
687
155
1030
616
611
608
921
52
266
615
414
644
1093
401
285
220
130
232
171
476
687
155
1030
616
611
608
921
52
266
615
414
644
1093
401
285
220
130
232
171
476
687
155
1030
616
611
608
921
52
266
615
414
644
1093
401
285
220
130
232
171
476
687
155
1030
616
611
608
921
52
266
615
414
644
1093
401
285
220
130
232
171
476
687
155
1030
616
611
608
921
52
266
615
414
644
1093
401
285
220
130
232
171
476
687
155
1030
616
611
608
921
52
266
615
414
644
1093
401
285
220
130
232
171
476
687
155
1030
616
611
608
921
52
266
615
414
644
1093
401
285
220
130
232
171
476
687
155
1030
616
611
608
921
52
266
615
414
644
1093
401
285
220
130
232
171
476
687
155
1030
616
611
608
921
52
266
615
414
644
1093
401
285
220
130
232
171
476
687
155
1030
616
611
608
921
52
266
615
414
644
1093
401
285
220
130
232
171
476
687
155
1030
616
611
608
921
52
266
615
414
644
1093
401
285
220
130
232
171
476
687
155
1030
616
611
608
921
52
266
615
414
644
1093
401
285
220
130
232
171
476
687
155
1030
616
611
608
921
52
266
615
414
644
1093
401
285
220
130
232
171
476
687
155
1030
616
611
608
921
52
266
615
414
644
1093
401
285
220
130
232
171
476
687
155
1030
616
611
608
921
52
266
615
414
644
1093
401
285
220
130
232
171
476
687
155
1030
616
611
608
921
52
266
615
414
644
1093
401
285
220
130
232
171
476
687
155
1030
616
611
608
921
52
266
615
414
644
1093
401
285
220
130
232
171
476
687
155
1030
616
611
608
921
52
266
615
414
644
1093
401
285
220
130
232
171
476
687
155
1030
616
611
608
921
52
266
615
414
644
1093
401
285
220
130
232
171
476
687
155
1030
616
611
608
921
52
266
615
414
644
1093
401
285
220
130
232
171
476
687
155
1030
616
611
608
921
52
266
615
414
644
1093
401
285
220
130
232
171
476
687
155
1030
616
611
608
921
52
266
615
414
644
1093
401
285
220
130
232
171
476
687
155
1030
616
611
608
921
52
266
615
414
644
1093
401
285
220
130
232
171
476
687
155
1030
616
611
608
921
52
266
615
414
644
1093
401
285
220
130
232
171
476
687
155
1030
616
611
608
921
52
266
615
414
644
1093
401
285
220
130
232
171
476
687
155
1030
616
611
608
921
52
266
615
414
644
1093
401
285
220
130
232
171
476
687
155
1030
616
611
608
921
52
266
615
414
644
1093
401
285
220
130
232
171
476
687
155
1030
616
611
608
921
52
266
615
414
644
1093
401
285
220
130
232
171
476
687
155
1030
616
611
608
921
52
266
615
414
644
1093
401
285
220
130
232
171
476
687
155
1030
616
611
608
921
52
266
615
414
644
1093
401
285
220
130
232
171
476
687
155
1030
616
611
608
921
52
266
615
414
644
1093
401
285
220
130
232
171
476
687
155
1030
616
611
608
921
52
266
615
414
644
1093
401
285
220
130
232
171
476
687
155
1030
616
611
608
921
52
266
615
414
644
1093
401
285
220
130
232
171
476
687
155
1030
616
611
608
921
52
266
615
414
644
1093
401
285
220
130
232
171
476
687
155
1030
616
611
608
921
52
266
615
414
644
1093
401
285
220
130
232
171
476
687
155
1030
616
611
608
921
52
266
615
414
644
1093
401
285
220
130
232
171
476
687
155
1030
616
611
608
921
52
266
615
414
644
1093
401
285
220
130
232
171
476
687
155
1030
616
611
608
921
52
266
615
414
644
1093
401
285
220
130
232
171
476
687
155
1030
616
611
608
921
52
266
615
414
644
1093
401
285
220
130
232
171
476
687
155
1030
616
611
608
921
52
266
615
414
644
1093
401
285
220
130
232
171
476
687
155
1030
616
611
608
921
52
266
615
414
644
1093
401
285
220
130
232
171
476
687
155
1030
