85
616
271
28
728
77
93
132
81
163
383
99
273
1
208
61
183
69
404
433
85
616
271
28
728
77
93
132
81
163
383
99
273
1
208
61
183
69
404
433
85
616
271
28
728
77
93
132
81
163
383
99
273
1
208
61
183
69
404
433
85
616
271
28
728
77
93
132
81
163
383
99
273
1
208
61
183
69
404
433
85
616
271
28
728
77
93
132
81
163
383
99
273
1
208
61
183
69
404
433
85
616
271
28
728
77
93
132
81
163
383
99
273
1
208
61
183
69
404
433
85
616
271
28
728
77
93
132
81
163
383
99
273
1
208
61
183
69
404
433
85
616
271
28
728
77
93
132
81
163
383
99
273
1
208
61
183
69
404
433
85
616
271
28
728
77
93
132
81
163
383
99
273
1
208
61
183
69
404
433
85
616
271
28
728
77
93
132
81
163
383
99
273
1
208
61
183
69
404
433
85
616
271
28
728
77
93
132
81
163
383
99
273
1
208
61
183
69
404
433
85
616
271
28
728
77
93
132
81
163
383
99
273
1
208
61
183
69
404
433
85
616
271
28
728
77
93
132
81
163
383
99
273
1
208
61
183
69
404
433
85
616
271
28
728
77
93
132
81
163
383
99
273
1
208
61
183
69
404
433
85
616
271
28
728
77
93
132
81
163
383
99
273
1
208
61
183
69
404
433
85
616
271
28
728
77
93
132
81
163
383
99
273
1
208
61
183
69
404
433
85
616
271
28
728
77
93
132
81
163
383
99
273
1
208
61
183
69
404
433
85
616
271
28
728
77
93
132
81
163
383
99
273
1
208
61
183
69
404
433
85
616
271
28
728
77
93
132
81
163
383
99
273
1
208
61
183
69
404
433
85
616
271
28
728
77
93
132
81
163
383
99
273
1
208
61
183
69
404
433
85
616
271
28
728
77
93
132
81
163
383
99
273
1
208
61
183
69
404
433
85
616
271
28
728
77
93
132
81
163
383
99
273
1
208
61
183
69
404
433
85
616
271
28
728
77
93
132
81
163
383
99
273
1
208
61
183
69
404
433
85
616
271
28
728
77
93
132
81
163
383
99
273
1
208
61
183
69
404
433
85
616
271
28
728
77
93
132
81
163
383
99
273
1
208
61
183
69
404
433
85
616
271
28
728
77
93
132
81
163
383
99
273
1
208
61
183
69
404
433
85
616
271
28
728
77
93
132
81
163
383
99
273
1
208
61
183
69
404
433
85
616
271
28
728
77
93
132
81
163
383
99
273
1
208
61
183
69
404
433
85
616
271
28
728
77
93
132
81
163
383
99
273
1
208
61
183
69
404
433
85
616
271
28
728
77
93
132
81
163
383
99
273
1
208
61
183
69
404
433
85
616
271
28
728
77
93
132
81
163
383
99
273
1
208
61
183
69
404
433
85
616
271
28
728
77
93
132
81
163
383
99
273
1
208
61
183
69
404
433
85
616
271
28
728
77
93
132
81
163
383
99
273
1
208
61
183
69
404
433
85
616
271
28
728
77
93
132
81
163
383
99
273
1
208
61
183
69
404
433
85
616
271
28
728
77
93
132
81
163
383
99
273
1
208
61
183
69
404
433
85
616
271
28
728
77
93
132
81
163
383
99
273
1
208
61
183
69
404
433
85
616
271
28
728
77
93
132
81
163
383
99
273
1
208
61
183
69
404
433
85
616
271
28
728
77
93
132
81
163
383
99
273
1
208
61
183
69
404
433
85
616
271
28
728
77
93
132
81
163
383
99
273
1
208
61
183
69
404
433
85
616
271
28
728
77
93
132
81
163
383
99
273
1
208
61
183
69
404
433
85
616
271
28
728
77
93
132
81
163
383
99
273
1
208
61
183
69
404
433
85
616
271
28
728
77
93
132
81
163
383
99
273
1
208
61
183
69
404
433
85
616
271
28
728
77
93
132
81
163
383
99
273
1
208
61
183
69
404
433
85
616
271
28
728
77
93
132
81
163
383
99
273
1
208
61
183
69
404
433
85
616
271
28
728
77
93
132
81
163
383
99
273
1
208
61
183
69
404
433
85
616
271
28
728
77
93
132
81
163
383
99
273
1
208
61
183
69
404
433
85
616
271
28
728
77
93
132
81
163
383
99
273
1
208
61
183
69
404
433
85
616
271
28
728
77
93
132
81
163
383
99
273
1
208
61
183
69
404
433
85
616
271
28
728
77
93
132
81
163
383
99
273
1
208
61
183
69
404
433
85
616
271
28
728
77
93
132
81
163
383
99
273
1
208
61
183
69
404
433
