230
99
496
143
371
36
345
195
296
21
259
402
466
286
371
278
429
408
469
34
248
184
58
246
238
256
210
326
99
143
474
326
203
144
156
8
388
241
312
299
309
243
3
393
452
20
499
294
140
204
273
139
171
383
249
480
459
13
451
386
310
467
491
121
426
118
482
485
420
177
73
52
307
252
402
263
233
98
288
252
239
342
440
289
254
184
342
275
11
321
222
147
162
240
167
222
187
462
363
395
305
193
244
351
310
450
493
143
297
447
283
459
127
248
229
298
287
269
475
204
194
218
285
168
396
114
249
218
263
457
186
45
443
63
358
257
94
30
217
78
305
107
258
499
353
485
127
204
5
149
190
128
351
63
261
419
293
349
37
184
318
6
21
354
449
272
113
149
35
484
1
455
373
304
197
30
48
455
364
181
96
376
191
74
85
111
420
164
205
123
83
472
461
363
266
9
44
380
16
4
294
291
304
436
274
223
1
206
52
441
240
490
158
475
2
416
102
375
373
477
394
290
452
172
304
158
424
150
95
279
415
464
11
458
349
76
3
200
488
54
92
11
168
234
480
198
236
87
72
107
367
499
318
201
231
90
222
466
377
228
35
85
392
327
381
117
455
370
352
228
243
280
321
412
386
160
105
355
357
357
134
236
422
253
461
459
367
236
280
125
256
73
354
234
276
5
81
389
267
237
93
452
61
183
229
298
379
136
253
23
267
209
481
240
207
59
364
349
182
240
291
158
97
419
483
392
25
170
265
56
58
374
8
400
341
397
42
130
86
438
435
384
233
410
151
226
169
254
96
318
281
476
400
252
66
125
41
341
225
347
121
265
186
47
486
461
114
21
63
281
464
310
175
392
118
47
310
120
357
459
237
192
306
71
33
175
329
499
135
17
214
63
219
92
308
116
131
83
261
27
488
243
324
189
91
220
272
438
354
289
173
11
416
37
44
137
476
436
245
452
485
446
368
127
362
356
294
358
484
457
289
19
342
433
4
197
123
298
109
214
375
293
250
30
158
230
66
30
447
471
489
205
218
311
424
465
393
9
498
361
451
444
15
25
61
151
329
168
168
260
29
346
464
329
329
193
61
360
166
92
480
483
424
407
495
169
266
405
14
249
424
165
187
428
172
401
147
42
401
334
