84
159
134
459
413
319
417
129
113
322
187
498
478
90
470
165
422
479
153
229
400
384
105
47
95
315
151
39
367
424
183
313
107
97
448
370
462
443
62
209
230
353
369
361
199
364
226
113
277
497
183
224
7
387
480
243
34
2
189
429
94
443
433
102
192
15
58
17
417
310
2
10
280
20
184
436
308
29
244
497
232
254
59
57
408
442
376
280
136
338
199
3
308
493
394
142
77
434
218
136
222
173
210
8
498
49
259
115
10
395
381
101
254
417
28
316
16
282
346
66
325
160
2
396
245
464
72
43
401
389
243
324
218
12
169
89
8
475
323
321
325
245
407
32
454
253
72
310
289
380
166
188
184
186
176
358
165
467
239
246
446
255
373
41
233
437
50
331
424
291
377
40
153
334
298
120
442
85
15
66
470
193
306
279
250
472
214
19
484
153
319
119
123
453
357
461
403
384
482
300
475
330
279
103
180
72
14
441
105
291
221
283
497
462
489
49
249
389
337
415
283
475
120
274
367
225
102
255
147
82
289
198
8
380
6
131
87
336
424
443
39
413
392
300
31
499
495
180
135
492
80
479
382
198
386
385
436
383
155
302
477
95
304
265
371
335
366
324
472
222
56
317
406
365
130
285
8
270
156
38
227
401
471
346
15
203
450
5
498
15
49
259
40
127
488
441
299
370
465
206
110
293
167
29
248
387
278
166
146
10
455
426
186
43
481
475
101
387
302
125
333
248
315
366
389
426
79
479
309
46
434
41
9
42
51
187
442
356
249
49
342
205
91
178
39
480
342
461
155
375
357
481
205
317
409
279
15
386
371
163
151
420
130
302
22
347
8
166
128
416
330
494
19
404
295
392
29
144
55
96
430
279
307
90
354
370
123
225
59
205
411
150
343
7
389
453
70
156
148
255
368
112
314
378
231
79
331
363
161
288
61
440
177
2
492
403
14
62
22
265
412
452
276
147
378
448
472
197
333
218
221
120
148
328
38
8
473
218
84
185
7
432
407
20
10
232
92
347
286
37
348
147
496
227
18
226
421
263
478
133
22
138
461
82
258
229
275
324
13
272
388
409
348
296
387
319
388
82
110
417
318
442
244
319
328
334
353
192
54
495
87
392
283
425
313
467
302
301
306
409
