302
369
391
168
143
140
414
158
52
470
324
428
127
207
374
212
66
454
400
348
97
473
248
408
333
148
178
134
203
115
148
50
304
175
97
341
180
438
152
37
337
333
463
125
427
78
97
118
81
57
494
267
445
31
369
473
49
209
116
353
247
35
338
474
186
250
443
65
154
218
106
143
29
219
315
314
23
90
234
143
66
113
68
379
446
436
472
11
119
27
281
498
268
392
132
63
53
442
227
328
221
429
129
448
83
255
454
231
103
155
115
293
419
396
258
107
488
171
284
199
396
266
148
331
188
157
98
209
30
411
455
116
392
49
101
261
425
233
302
182
408
309
285
232
83
66
40
226
31
499
177
395
338
140
415
382
301
54
128
234
140
457
18
473
214
455
296
131
298
276
185
480
330
387
455
241
250
362
38
164
143
231
6
278
473
425
449
157
261
495
499
12
5
373
460
444
256
33
114
283
312
16
60
92
165
407
299
467
447
29
192
429
175
433
473
108
413
199
426
411
22
352
448
35
488
189
128
220
474
256
421
179
440
21
48
211
391
291
173
358
320
228
18
11
369
264
403
182
489
73
266
205
79
366
476
313
180
285
190
264
19
82
40
266
490
339
464
200
385
237
243
229
411
186
12
277
29
179
411
472
197
76
358
261
270
411
494
245
440
347
38
311
38
441
81
478
186
136
397
337
332
298
85
489
204
326
397
157
266
436
478
76
296
346
207
305
403
407
440
61
213
0
258
391
361
343
274
489
463
497
474
404
376
8
61
152
171
191
220
468
164
482
336
94
114
5
431
401
471
359
217
50
416
277
310
236
375
154
429
24
283
83
105
64
53
140
258
111
53
280
290
380
104
350
417
432
238
422
387
497
143
258
90
39
310
411
101
125
195
196
218
415
241
364
231
69
438
175
134
282
374
392
186
444
365
90
318
471
487
201
486
267
207
118
40
375
291
391
310
493
271
485
318
431
27
499
57
52
176
82
210
377
187
244
330
100
12
381
270
333
492
156
35
184
237
373
408
56
468
454
131
223
423
91
473
391
52
132
103
382
470
169
297
371
381
405
60
183
62
200
246
293
497
82
354
444
113
155
326
86
222
388
115
136
6
291
143
491
338
219
140
204
444
109
168
397
449
410
436
49
