401
33
367
340
258
438
487
483
429
55
343
485
187
460
460
123
246
466
194
49
262
398
20
236
45
64
245
455
25
61
439
228
24
105
222
293
473
330
184
22
391
184
430
157
455
350
219
472
74
346
115
390
431
384
331
24
26
84
74
391
190
288
185
149
71
428
351
56
274
328
68
102
86
78
490
54
98
271
39
140
0
292
413
79
286
278
106
162
479
153
457
342
94
287
38
366
301
373
25
283
265
54
122
306
62
456
206
25
362
146
169
20
126
122
18
130
20
100
21
317
99
469
92
341
101
209
291
462
17
128
285
253
402
156
320
102
105
287
102
319
298
299
188
442
434
403
272
389
331
332
410
470
67
469
111
256
307
42
7
182
362
82
204
333
109
302
71
374
305
396
36
274
471
300
56
440
169
460
329
252
376
234
28
279
57
6
274
493
156
468
101
12
443
439
434
488
196
51
257
132
65
215
129
175
124
25
368
285
64
64
190
325
471
97
94
464
135
248
143
24
118
51
460
105
459
80
494
212
234
190
76
133
178
35
13
102
164
130
197
1
323
195
433
370
490
243
58
49
491
261
222
2
352
82
29
236
389
263
76
365
479
331
180
142
101
76
330
275
38
176
175
27
295
2
409
304
312
110
357
187
210
86
431
394
325
389
266
363
325
157
464
175
469
90
471
257
282
385
474
419
229
45
96
217
433
272
52
143
193
410
494
429
495
76
141
177
315
277
149
313
393
230
183
333
311
241
290
456
284
152
114
495
496
48
378
369
88
474
27
267
394
321
242
208
372
144
81
71
19
189
35
431
188
497
10
444
67
114
381
212
122
465
87
489
252
304
6
125
156
153
0
199
151
465
34
127
203
89
111
261
85
32
129
26
226
81
361
104
105
172
469
249
460
233
467
91
291
394
98
385
25
68
324
397
357
60
291
285
289
292
432
130
460
185
271
467
207
143
230
71
410
19
124
168
243
493
442
136
456
107
184
110
173
199
41
393
263
2
173
312
462
358
486
265
16
482
354
374
2
166
296
109
308
430
483
179
272
186
261
151
32
491
92
439
112
340
478
135
88
204
76
113
16
356
72
493
338
111
26
2
28
341
214
354
51
244
72
330
387
373
256
177
10
136
250
425
436
481
54
230
