411
76
101
314
128
211
241
383
179
181
7
305
104
0
40
177
305
33
257
93
59
30
486
102
246
278
490
463
323
459
241
303
86
497
43
47
48
354
274
434
276
488
380
400
389
197
16
84
198
1
386
274
398
17
479
180
167
378
264
278
394
480
333
483
87
349
73
436
384
246
460
448
72
51
316
115
389
158
179
446
375
426
29
256
300
110
78
489
263
70
410
411
367
464
302
406
64
222
179
303
31
164
458
307
14
320
492
100
458
350
470
492
343
43
458
272
133
323
289
366
127
487
471
417
411
69
86
29
225
387
182
378
238
220
12
28
392
343
330
483
318
400
416
94
322
426
341
466
232
52
185
453
306
463
359
83
138
136
57
18
221
460
271
43
124
97
482
349
333
333
121
336
414
350
444
263
40
252
91
219
58
324
380
318
58
101
261
32
70
466
16
395
326
35
401
397
166
490
181
112
23
63
307
477
279
416
177
213
200
458
450
175
243
256
205
18
325
8
1
167
141
240
310
421
312
499
421
323
237
328
434
396
102
456
150
466
82
78
57
161
225
106
413
128
315
96
159
23
377
132
464
373
372
439
277
388
167
284
353
56
268
281
372
221
406
415
414
288
391
11
293
452
369
301
488
487
493
118
340
116
100
455
30
215
326
449
425
233
385
89
115
347
93
417
206
216
309
225
378
68
83
196
492
116
21
180
198
108
342
14
107
338
312
406
474
128
199
0
364
404
438
431
424
208
392
221
385
289
59
413
239
50
109
147
228
72
101
90
418
313
290
12
352
39
204
188
457
117
90
226
257
109
277
81
273
292
377
253
63
362
120
146
162
111
187
451
244
81
136
431
10
361
350
472
338
141
178
79
100
409
153
75
36
377
248
245
464
383
49
117
207
385
372
194
458
278
310
462
84
354
442
264
144
369
496
85
315
89
160
218
36
495
60
333
305
29
421
110
294
115
428
371
214
294
336
496
305
1
160
350
183
209
213
151
51
267
253
454
79
382
240
100
112
307
107
362
326
276
385
443
293
387
203
225
94
21
72
323
335
149
293
214
302
102
488
110
417
258
373
314
145
51
463
437
472
479
154
125
175
30
322
414
305
313
336
103
79
84
77
63
454
157
490
495
301
392
112
375
423
204
