21
392
116
382
374
114
130
303
242
439
321
329
172
360
66
265
67
404
357
8
471
285
449
213
84
228
3
276
319
280
458
337
357
276
330
467
443
54
257
304
34
115
190
406
440
64
78
361
191
12
70
308
35
67
242
293
243
383
493
20
240
140
356
206
367
314
167
323
11
140
11
404
494
379
228
485
80
432
452
345
99
218
362
399
100
402
304
131
418
394
128
45
53
468
451
172
498
474
116
350
174
10
177
423
423
153
204
465
399
426
71
136
100
104
154
337
465
37
235
178
497
276
153
120
160
490
21
39
164
166
6
251
407
33
355
491
17
77
479
265
467
3
420
295
167
275
13
466
133
29
215
228
488
206
226
127
207
51
267
243
129
474
444
159
149
54
101
251
19
253
195
453
130
281
66
145
337
133
123
461
34
235
155
388
9
408
36
103
493
224
295
499
472
43
355
145
87
433
492
448
207
435
160
106
220
480
346
401
201
228
424
41
467
11
377
164
497
33
245
303
202
267
459
119
125
99
390
193
272
60
79
157
199
182
25
125
436
306
491
305
279
59
215
347
440
211
238
110
178
117
437
418
16
156
348
310
260
394
485
255
139
253
117
171
171
187
495
146
443
316
286
444
238
281
473
147
40
282
397
393
426
377
204
362
449
247
88
79
211
106
318
61
73
430
365
251
309
346
326
107
197
245
404
189
324
299
329
403
232
301
18
164
128
34
312
32
174
410
176
373
6
186
73
1
126
354
274
105
55
159
28
370
194
493
21
398
363
449
161
402
494
135
124
166
104
191
209
190
78
141
22
445
58
129
219
213
438
150
180
464
3
310
431
372
304
377
157
79
191
471
15
378
493
348
418
331
360
426
62
143
66
294
168
376
27
219
113
203
413
125
23
242
444
486
29
392
69
115
185
182
303
295
270
218
118
224
366
182
182
180
83
442
278
109
34
441
391
424
58
62
97
357
397
391
212
107
145
188
294
162
250
408
296
275
310
47
105
455
279
184
332
323
38
195
314
330
442
108
127
209
129
209
157
386
173
108
49
341
8
103
88
344
221
439
64
186
147
166
84
164
406
141
190
415
156
101
313
396
79
473
161
238
239
48
261
422
306
232
79
57
129
191
436
336
473
5
341
299
190
441
