32
96
33
82
3
27
94
21
71
92
46
15
77
23
86
29
55
57
93
43
60
46
53
83
50
83
5
88
78
97
53
64
8
7
27
45
99
43
82
32
70
95
14
55
21
57
5
40
47
45
11
93
41
3
30
32
78
12
20
62
41
54
62
47
98
38
12
89
27
48
19
4
41
22
0
74
18
2
54
49
36
71
60
97
8
95
39
79
81
79
22
60
98
6
18
70
50
25
42
50
15
67
92
88
15
12
41
98
68
41
71
10
4
95
62
91
31
89
38
95
51
94
11
84
91
47
10
64
85
98
65
64
60
89
42
64
88
6
64
96
23
88
33
65
53
51
28
78
33
64
94
6
14
46
71
53
64
11
86
24
19
44
57
12
37
72
81
18
50
46
93
24
41
52
17
16
60
6
39
3
93
0
15
39
5
99
40
38
19
70
48
15
4
90
93
77
99
41
41
20
65
9
37
8
59
70
47
85
62
89
50
20
97
0
69
41
67
3
48
85
15
14
86
13
7
34
45
68
89
83
53
91
20
4
18
79
79
40
28
0
47
51
29
8
82
95
75
45
6
64
