75
42
66
32
76
89
77
2
39
85
17
68
13
52
24
70
58
60
10
81
55
25
61
61
84
37
57
62
45
15
3
55
62
60
85
92
63
84
93
41
57
3
41
86
98
10
96
88
3
65
59
48
91
19
94
39
12
4
51
83
1
79
86
77
82
74
15
95
44
35
50
56
42
79
98
31
65
53
6
99
71
9
57
57
34
18
5
91
99
92
65
75
62
80
64
88
95
57
17
85
67
35
70
59
61
79
10
33
48
29
72
23
45
87
60
24
2
41
25
61
2
59
88
12
94
33
33
93
63
60
50
24
41
98
78
18
7
49
56
43
87
62
71
58
88
64
86
46
55
8
34
68
50
75
77
16
67
29
73
65
20
91
21
26
78
36
28
5
18
55
89
32
23
90
17
71
82
38
51
29
77
91
61
64
55
45
47
0
13
19
22
5
13
34
83
30
72
64
18
63
18
0
57
69
99
30
92
72
76
15
53
56
12
88
32
14
78
28
60
41
5
61
54
83
31
95
12
4
88
5
9
52
67
36
39
22
46
43
23
65
12
82
73
27
9
80
73
54
24
46
