368
66
36
883
373
432
446
24
4
609
368
66
36
883
373
432
446
24
4
609
368
66
36
883
373
432
446
24
4
609
368
66
36
883
373
432
446
24
4
609
368
66
36
883
373
432
446
24
4
609
368
66
36
883
373
432
446
24
4
609
368
66
36
883
373
432
446
24
4
609
368
66
36
883
373
432
446
24
4
609
368
66
36
883
373
432
446
24
4
609
368
66
36
883
373
432
446
24
4
609
368
66
36
883
373
432
446
24
4
609
368
66
36
883
373
432
446
24
4
609
368
66
36
883
373
432
446
24
4
609
368
66
36
883
373
432
446
24
4
609
368
66
36
883
373
432
446
24
4
609
368
66
36
883
373
432
446
24
4
609
368
66
36
883
373
432
446
24
4
609
368
66
36
883
373
432
446
24
4
609
368
66
36
883
373
432
446
24
4
609
368
66
36
883
373
432
446
24
4
609
368
66
36
883
373
432
446
24
4
609
368
66
36
883
373
432
446
24
4
609
368
66
36
883
373
432
446
24
4
609
368
66
36
883
373
432
446
24
4
609
368
66
36
883
373
432
446
24
4
609
368
66
36
883
373
432
446
24
4
609
368
66
36
883
373
432
446
24
4
609
368
66
36
883
373
432
446
24
4
609
368
66
36
883
373
432
446
24
4
609
368
66
36
883
373
432
446
24
4
609
368
66
36
883
373
432
446
24
4
609
368
66
36
883
373
432
446
24
4
609
368
66
36
883
373
432
446
24
4
609
368
66
36
883
373
432
446
24
4
609
368
66
36
883
373
432
446
24
4
609
368
66
36
883
373
432
446
24
4
609
368
66
36
883
373
432
446
24
4
609
368
66
36
883
373
432
446
24
4
609
368
66
36
883
373
432
446
24
4
609
368
66
36
883
373
432
446
24
4
609
368
66
36
883
373
432
446
24
4
609
368
66
36
883
373
432
446
24
4
609
368
66
36
883
373
432
446
24
4
609
368
66
36
883
373
432
446
24
4
609
368
66
36
883
373
432
446
24
4
609
368
66
36
883
373
432
446
24
4
609
368
66
36
883
373
432
446
24
4
609
368
66
36
883
373
432
446
24
4
609
368
66
36
883
373
432
446
24
4
609
368
66
36
883
373
432
446
24
4
609
