84
127
520
364
868
140
249
607
223
164
84
127
520
364
868
140
249
607
223
164
84
127
520
364
868
140
249
607
223
164
84
127
520
364
868
140
249
607
223
164
84
127
520
364
868
140
249
607
223
164
84
127
520
364
868
140
249
607
223
164
84
127
520
364
868
140
249
607
223
164
84
127
520
364
868
140
249
607
223
164
84
127
520
364
868
140
249
607
223
164
84
127
520
364
868
140
249
607
223
164
84
127
520
364
868
140
249
607
223
164
84
127
520
364
868
140
249
607
223
164
84
127
520
364
868
140
249
607
223
164
84
127
520
364
868
140
249
607
223
164
84
127
520
364
868
140
249
607
223
164
84
127
520
364
868
140
249
607
223
164
84
127
520
364
868
140
249
607
223
164
84
127
520
364
868
140
249
607
223
164
84
127
520
364
868
140
249
607
223
164
84
127
520
364
868
140
249
607
223
164
84
127
520
364
868
140
249
607
223
164
84
127
520
364
868
140
249
607
223
164
84
127
520
364
868
140
249
607
223
164
84
127
520
364
868
140
249
607
223
164
84
127
520
364
868
140
249
607
223
164
84
127
520
364
868
140
249
607
223
164
84
127
520
364
868
140
249
607
223
164
84
127
520
364
868
140
249
607
223
164
84
127
520
364
868
140
249
607
223
164
84
127
520
364
868
140
249
607
223
164
84
127
520
364
868
140
249
607
223
164
84
127
520
364
868
140
249
607
223
164
84
127
520
364
868
140
249
607
223
164
84
127
520
364
868
140
249
607
223
164
84
127
520
364
868
140
249
607
223
164
84
127
520
364
868
140
249
607
223
164
84
127
520
364
868
140
249
607
223
164
84
127
520
364
868
140
249
607
223
164
84
127
520
364
868
140
249
607
223
164
84
127
520
364
868
140
249
607
223
164
84
127
520
364
868
140
249
607
223
164
84
127
520
364
868
140
249
607
223
164
84
127
520
364
868
140
249
607
223
164
84
127
520
364
868
140
249
607
223
164
84
127
520
364
868
140
249
607
223
164
84
127
520
364
868
140
249
607
223
164
84
127
520
364
868
140
249
607
223
164
84
127
520
364
868
140
249
607
223
164
84
127
520
364
868
140
249
607
223
164
84
127
520
364
868
140
249
607
223
164
