427
259
208
136
219
325
107
467
135
226
149
49
179
23
352
15
420
232
55
31
304
135
433
50
463
129
210
400
229
463
182
268
357
283
373
457
293
125
373
298
302
410
374
316
195
425
12
282
481
431
422
101
36
494
47
185
331
44
11
483
341
262
70
127
384
494
232
463
20
156
365
5
330
21
20
267
114
449
190
358
65
364
130
260
216
378
417
104
236
451
226
297
44
195
390
232
61
326
218
240
60
316
159
400
359
176
339
492
103
377
341
188
387
258
163
212
402
265
370
435
61
62
87
467
329
327
485
395
493
405
82
469
43
61
51
128
21
134
473
374
121
220
261
471
11
113
185
142
240
96
493
478
99
371
228
394
158
305
291
126
312
448
145
297
394
110
301
381
449
28
41
456
369
255
124
336
41
299
80
273
321
125
293
486
452
335
219
436
492
177
318
392
491
386
219
285
280
221
442
221
316
139
258
62
244
41
23
116
246
18
264
470
373
256
204
58
445
18
61
372
319
274
179
42
287
378
143
27
38
23
215
142
143
98
379
367
364
161
145
441
198
217
111
296
168
86
470
365
292
233
269
8
234
12
386
307
417
93
339
438
92
56
1
329
349
455
407
295
264
302
2
245
417
116
257
111
92
97
27
155
100
58
276
31
252
404
40
394
181
83
382
59
39
165
331
10
187
381
405
170
83
230
411
170
13
82
74
147
198
293
391
246
399
439
288
455
326
44
136
12
51
109
474
437
472
245
264
288
364
137
63
484
1
131
109
277
4
63
138
401
381
179
215
143
34
244
1
381
469
76
182
114
113
430
448
295
390
96
73
453
253
60
463
102
109
457
14
25
193
355
45
151
220
337
287
197
273
286
137
485
388
284
97
472
417
108
77
241
81
376
306
281
185
109
12
298
324
123
498
48
413
340
338
57
207
436
378
135
293
231
200
421
474
191
446
498
287
119
127
458
235
482
20
84
88
238
372
433
418
109
148
45
404
100
46
54
428
216
407
278
270
256
409
260
0
10
61
358
11
29
162
234
155
438
492
163
404
456
91
185
480
50
495
389
329
469
130
272
83
449
444
179
25
493
386
391
165
233
369
407
124
408
326
232
301
387
361
405
390
366
219
296
414
336
205
455
163
304
202
229
