2
397
460
226
437
346
362
149
117
401
430
107
207
405
14
488
151
113
201
418
298
35
211
118
265
45
140
0
428
21
111
172
70
420
344
190
436
122
464
129
327
418
15
14
78
335
304
273
156
362
442
317
138
47
281
241
213
494
350
41
296
304
109
399
69
103
207
86
467
19
165
368
267
361
257
446
254
250
321
302
347
159
116
417
475
257
333
338
168
2
311
9
210
252
174
373
4
75
258
163
201
183
128
376
488
309
481
0
116
402
203
377
17
350
307
100
260
179
393
90
332
156
146
364
209
85
377
286
297
258
400
447
385
391
426
337
277
167
198
292
281
252
386
136
38
477
289
186
26
145
78
387
275
498
395
250
151
190
342
226
346
154
416
253
214
418
427
381
496
430
366
477
227
248
211
102
336
274
170
61
419
354
219
401
438
353
466
252
275
377
456
476
128
414
125
155
204
109
499
235
316
451
222
250
40
435
177
146
391
170
232
155
491
445
160
43
488
144
447
76
230
236
386
174
172
456
497
285
60
332
223
221
209
86
165
349
176
274
390
461
167
48
220
68
388
14
43
51
198
256
286
131
345
234
43
25
400
385
283
52
36
321
486
48
108
378
188
217
336
45
62
132
328
158
354
497
410
247
361
245
178
90
485
122
305
391
364
277
102
274
125
88
458
48
363
390
403
114
34
31
406
118
23
68
55
291
306
141
416
29
480
59
334
129
33
284
459
275
381
377
342
323
301
324
161
208
489
135
40
126
106
277
332
247
408
22
138
379
73
460
134
290
175
248
169
414
313
444
91
456
200
312
432
87
201
408
43
5
346
79
324
224
445
72
241
407
297
488
371
312
92
459
187
388
44
46
42
422
469
107
300
205
324
412
432
287
461
445
86
222
409
192
496
490
463
207
247
30
424
91
152
61
196
296
112
271
177
293
144
193
244
445
167
402
426
38
469
65
47
431
153
273
341
337
326
304
65
60
486
485
486
10
486
331
27
85
102
314
155
268
264
149
11
498
482
357
152
169
452
162
362
129
129
32
134
258
75
457
385
467
84
427
372
362
375
67
477
54
346
33
246
316
306
451
23
415
477
191
70
78
411
359
324
487
217
247
420
118
100
372
166
43
65
448
135
234
118
463
112
294
