88
36
26
17
2
29
136
119
112
198
185
56
124
141
151
173
191
196
1
147
141
14
162
138
120
119
58
111
98
152
199
121
0
99
147
84
167
176
111
145
24
129
95
55
22
58
107
117
147
6
81
107
139
186
23
10
23
87
89
36
143
130
10
145
14
146
197
182
158
183
113
29
29
2
47
164
180
90
16
146
142
141
128
26
47
123
38
192
74
59
111
84
132
94
156
130
87
172
34
12
80
165
53
163
68
17
118
110
187
12
138
162
88
23
9
160
14
172
133
120
94
104
96
133
118
53
189
28
117
178
77
181
69
37
87
149
188
12
133
104
81
21
199
180
41
136
171
22
107
165
24
176
160
186
180
170
171
177
64
180
42
102
42
68
170
176
182
117
186
161
37
177
184
146
86
27
171
27
13
140
117
44
194
177
185
126
25
19
24
171
43
83
199
101
19
157
108
186
79
132
98
183
8
86
82
190
138
136
51
161
170
104
41
120
49
87
182
191
84
48
138
125
163
181
160
35
138
193
97
82
88
60
66
139
158
197
150
192
141
39
140
139
154
191
51
100
74
46
30
37
