43
115
72
138
42
118
61
152
17
99
179
189
152
185
180
144
141
167
162
43
33
198
25
146
123
18
57
22
131
92
63
111
190
32
186
49
121
109
5
28
74
69
145
105
65
40
112
31
78
98
42
7
139
161
196
105
129
30
88
174
7
73
21
87
187
116
72
163
123
45
57
151
58
76
140
20
43
186
184
146
138
78
120
100
137
49
66
25
32
74
178
55
58
143
189
25
135
113
84
129
186
73
175
38
137
97
159
7
21
185
88
192
22
154
79
110
22
71
52
34
161
104
104
15
9
90
67
154
130
87
97
46
173
86
144
58
84
143
194
46
122
128
166
144
2
145
3
126
133
23
75
139
71
128
186
166
134
141
3
34
156
40
2
85
149
84
97
92
94
93
49
180
175
79
138
72
81
122
64
25
152
94
120
138
43
146
151
189
159
183
53
88
187
57
152
70
5
176
104
100
15
94
39
113
195
7
94
45
164
1
62
13
117
62
190
8
67
17
183
4
127
52
152
24
35
117
64
39
174
123
188
193
192
15
62
139
24
182
89
197
56
46
83
154
155
17
46
55
116
127
