294
621
28
43
263
269
105
230
23
5
294
621
28
43
263
269
105
230
23
5
294
621
28
43
263
269
105
230
23
5
294
621
28
43
263
269
105
230
23
5
294
621
28
43
263
269
105
230
23
5
294
621
28
43
263
269
105
230
23
5
294
621
28
43
263
269
105
230
23
5
294
621
28
43
263
269
105
230
23
5
294
621
28
43
263
269
105
230
23
5
294
621
28
43
263
269
105
230
23
5
294
621
28
43
263
269
105
230
23
5
294
621
28
43
263
269
105
230
23
5
294
621
28
43
263
269
105
230
23
5
294
621
28
43
263
269
105
230
23
5
294
621
28
43
263
269
105
230
23
5
294
621
28
43
263
269
105
230
23
5
294
621
28
43
263
269
105
230
23
5
294
621
28
43
263
269
105
230
23
5
294
621
28
43
263
269
105
230
23
5
294
621
28
43
263
269
105
230
23
5
294
621
28
43
263
269
105
230
23
5
294
621
28
43
263
269
105
230
23
5
294
621
28
43
263
269
105
230
23
5
294
621
28
43
263
269
105
230
23
5
294
621
28
43
263
269
105
230
23
5
294
621
28
43
263
269
105
230
23
5
294
621
28
43
263
269
105
230
23
5
294
621
28
43
263
269
105
230
23
5
294
621
28
43
263
269
105
230
23
5
294
621
28
43
263
269
105
230
23
5
294
621
28
43
263
269
105
230
23
5
294
621
28
43
263
269
105
230
23
5
294
621
28
43
263
269
105
230
23
5
294
621
28
43
263
269
105
230
23
5
294
621
28
43
263
269
105
230
23
5
294
621
28
43
263
269
105
230
23
5
294
621
28
43
263
269
105
230
23
5
294
621
28
43
263
269
105
230
23
5
294
621
28
43
263
269
105
230
23
5
294
621
28
43
263
269
105
230
23
5
294
621
28
43
263
269
105
230
23
5
294
621
28
43
263
269
105
230
23
5
294
621
28
43
263
269
105
230
23
5
294
621
28
43
263
269
105
230
23
5
294
621
28
43
263
269
105
230
23
5
294
621
28
43
263
269
105
230
23
5
294
621
28
43
263
269
105
230
23
5
294
621
28
43
263
269
105
230
23
5
294
621
28
43
263
269
105
230
23
5
294
621
28
43
263
269
105
230
23
5
