4
22
105
124
128
132
282
28
228
287
4
22
105
124
128
132
282
28
228
287
4
22
105
124
128
132
282
28
228
287
4
22
105
124
128
132
282
28
228
287
4
22
105
124
128
132
282
28
228
287
4
22
105
124
128
132
282
28
228
287
4
22
105
124
128
132
282
28
228
287
4
22
105
124
128
132
282
28
228
287
4
22
105
124
128
132
282
28
228
287
4
22
105
124
128
132
282
28
228
287
4
22
105
124
128
132
282
28
228
287
4
22
105
124
128
132
282
28
228
287
4
22
105
124
128
132
282
28
228
287
4
22
105
124
128
132
282
28
228
287
4
22
105
124
128
132
282
28
228
287
4
22
105
124
128
132
282
28
228
287
4
22
105
124
128
132
282
28
228
287
4
22
105
124
128
132
282
28
228
287
4
22
105
124
128
132
282
28
228
287
4
22
105
124
128
132
282
28
228
287
4
22
105
124
128
132
282
28
228
287
4
22
105
124
128
132
282
28
228
287
4
22
105
124
128
132
282
28
228
287
4
22
105
124
128
132
282
28
228
287
4
22
105
124
128
132
282
28
228
287
4
22
105
124
128
132
282
28
228
287
4
22
105
124
128
132
282
28
228
287
4
22
105
124
128
132
282
28
228
287
4
22
105
124
128
132
282
28
228
287
4
22
105
124
128
132
282
28
228
287
4
22
105
124
128
132
282
28
228
287
4
22
105
124
128
132
282
28
228
287
4
22
105
124
128
132
282
28
228
287
4
22
105
124
128
132
282
28
228
287
4
22
105
124
128
132
282
28
228
287
4
22
105
124
128
132
282
28
228
287
4
22
105
124
128
132
282
28
228
287
4
22
105
124
128
132
282
28
228
287
4
22
105
124
128
132
282
28
228
287
4
22
105
124
128
132
282
28
228
287
4
22
105
124
128
132
282
28
228
287
4
22
105
124
128
132
282
28
228
287
4
22
105
124
128
132
282
28
228
287
4
22
105
124
128
132
282
28
228
287
4
22
105
124
128
132
282
28
228
287
4
22
105
124
128
132
282
28
228
287
4
22
105
124
128
132
282
28
228
287
4
22
105
124
128
132
282
28
228
287
4
22
105
124
128
132
282
28
228
287
4
22
105
124
128
132
282
28
228
287
