3067
2679
2818
4399
2014
10724
7190
1709
17490
10455
10954
13210
1837
3067
2679
2818
4399
2014
10724
7190
1709
17490
10455
10954
13210
1837
3067
2679
2818
4399
2014
10724
7190
1709
17490
10455
10954
13210
1837
3067
2679
2818
4399
2014
10724
7190
1709
17490
10455
10954
13210
1837
3067
2679
2818
4399
2014
10724
7190
1709
17490
10455
10954
13210
1837
3067
2679
2818
4399
2014
10724
7190
1709
17490
10455
10954
13210
1837
3067
2679
2818
4399
2014
10724
7190
1709
17490
10455
10954
13210
1837
3067
2679
2818
4399
2014
10724
7190
1709
17490
10455
10954
13210
1837
3067
2679
2818
4399
2014
10724
7190
1709
17490
10455
10954
13210
1837
3067
2679
2818
4399
2014
10724
7190
1709
17490
10455
10954
13210
1837
3067
2679
2818
4399
2014
10724
7190
1709
17490
10455
10954
13210
1837
3067
2679
2818
4399
2014
10724
7190
1709
17490
10455
10954
13210
1837
3067
2679
2818
4399
2014
10724
7190
1709
17490
10455
10954
13210
1837
3067
2679
2818
4399
2014
10724
7190
1709
17490
10455
10954
13210
1837
3067
2679
2818
4399
2014
10724
7190
1709
17490
10455
10954
13210
1837
3067
2679
2818
4399
2014
10724
7190
1709
17490
10455
10954
13210
1837
3067
2679
2818
4399
2014
10724
7190
1709
17490
10455
10954
13210
1837
3067
2679
2818
4399
2014
10724
7190
1709
17490
10455
10954
13210
1837
3067
2679
2818
4399
2014
10724
7190
1709
17490
10455
10954
13210
1837
3067
2679
2818
4399
2014
10724
7190
1709
17490
10455
10954
13210
1837
3067
2679
2818
4399
2014
10724
7190
1709
17490
10455
10954
13210
1837
3067
2679
2818
4399
2014
10724
7190
1709
17490
10455
10954
13210
1837
3067
2679
2818
4399
2014
10724
7190
1709
17490
10455
10954
13210
1837
3067
2679
2818
4399
2014
10724
7190
1709
17490
10455
10954
13210
1837
3067
2679
2818
4399
2014
10724
7190
1709
17490
10455
10954
13210
1837
3067
2679
2818
4399
2014
10724
7190
1709
17490
10455
10954
13210
1837
3067
2679
2818
4399
2014
10724
7190
1709
17490
10455
10954
13210
1837
3067
2679
2818
4399
2014
10724
7190
1709
17490
10455
10954
13210
1837
3067
2679
2818
4399
2014
10724
7190
1709
17490
10455
10954
13210
1837
3067
2679
2818
4399
2014
10724
7190
1709
17490
10455
10954
13210
1837
3067
2679
2818
4399
2014
10724
7190
1709
17490
10455
10954
13210
1837
3067
2679
2818
4399
2014
10724
7190
1709
17490
10455
10954
13210
1837
3067
2679
2818
4399
2014
10724
7190
1709
17490
10455
10954
13210
1837
3067
2679
2818
4399
2014
10724
7190
1709
17490
10455
10954
13210
1837
3067
2679
2818
4399
2014
10724
7190
1709
17490
10455
10954
13210
1837
3067
2679
2818
4399
2014
10724
7190
1709
17490
10455
10954
13210
1837
3067
2679
2818
4399
2014
10724
7190
1709
17490
10455
10954
13210
1837
3067
2679
2818
4399
2014
10724
7190
1709
17490
10455
10954
13210
1837
3067
2679
2818
4399
2014
10724
7190
1709
17490
10455
10954
13210
1837
3067
2679
2818
4399
2014
10724
7190
1709
17490
10455
10954
13210
1837
3067
2679
2818
4399
2014
10724
7190
1709
17490
10455
10954
13210
1837
3067
2679
2818
4399
2014
10724
7190
1709
17490
10455
10954
13210
1837
3067
2679
2818
4399
2014
10724
7190
1709
17490
10455
10954
13210
1837
3067
2679
2818
4399
2014
10724
7190
1709
17490
10455
10954
13210
1837
3067
2679
2818
4399
2014
10724
7190
1709
17490
10455
10954
13210
1837
3067
2679
2818
4399
2014
10724
7190
1709
17490
10455
10954
13210
1837
3067
2679
2818
4399
2014
10724
7190
1709
17490
10455
10954
13210
1837
3067
2679
2818
4399
2014
10724
7190
1709
17490
10455
10954
13210
1837
3067
2679
2818
4399
2014
10724
7190
1709
17490
10455
10954
13210
1837
3067
2679
2818
4399
2014
10724
7190
1709
17490
10455
10954
13210
1837
