12880
10674
17230
9818
16040
5524
11356
13843
8078
13727
5451
8092
13284
951
18209
96
5838
10081
15231
9864
7292
12734
6188
9158
3209
961
12258
15128
11737
16157
16783
15940
9448
10184
14664
16098
11216
10429
4647
18908
3290
17202
18465
4981
14135
87
12047
7167
7042
276
9257
14577
11600
10977
15645
16174
16252
8401
2513
10412
5161
554
11167
12724
12715
12132
5875
10545
6691
16621
9348
6826
7791
18139
17003
9021
5035
9192
13807
3240
11232
13843
15737
3159
3808
10477
9981
12085
11325
8945
17311
11068
7678
12185
17429
15233
13274
202
134
398
4282
12931
1407
12229
6588
6295
5059
11355
16077
3694
3711
3762
5809
1703
10812
11760
14206
16073
17644
13867
12362
18420
16861
4910
13411
14031
15606
16881
11040
5401
2364
13414
15607
2661
6303
9021
9665
1022
947
15644
4296
8891
1888
2840
14987
466
2636
13563
6867
14993
6185
9228
373
8435
3346
3794
4202
10712
2430
14289
5230
5015
8580
10737
14348
92
17096
11333
12705
8416
4404
3374
17311
16267
5180
13755
7360
3917
1339
18831
10681
11115
6052
13895
15188
18576
600
17550
16524
7793
11152
2148
1631
15358
6402
2128
16199
8242
16586
488
3482
3518
17912
5716
1828
11849
7837
14937
7387
13190
14404
6559
18954
18378
6665
5502
11119
14546
6592
3612
8700
8537
6523
8544
14345
14899
14555
13126
4653
3472
12793
11730
4093
12626
5897
11018
5105
17440
144
12306
10124
13558
15974
12211
6523
12661
17225
1556
7772
4236
18581
14894
6292
6252
18726
8982
16155
16026
12113
3125
10485
1521
12436
6002
5733
9406
10906
9581
6414
7348
3825
2416
11720
8423
4663
17285
15089
9430
17602
10057
13789
12630
1960
2908
10842
12574
12011
15726
1842
13131
14280
6974
2881
9422
8295
7123
237
17012
14914
7477
9913
2202
13176
3279
5881
259
589
16593
14017
12523
4182
12131
745
6072
2493
16817
14472
17238
7765
4025
16112
3223
15873
17797
11472
9966
8169
13446
15206
5392
3711
1946
14240
2622
11201
18582
11072
7810
18924
18591
7196
1600
17265
9381
13860
9041
12104
2115
6697
6572
15351
16710
17712
5832
10225
16150
6605
13233
8715
1588
13961
16856
15621
13024
15006
6367
6761
13184
7687
18640
3536
6347
2870
14037
8155
1773
2371
6717
7590
10706
4845
5239
7018
11554
18208
9957
16478
9581
9013
6056
11724
9287
15092
3711
13376
1653
6946
1816
15312
4050
12719
7439
6215
16321
17130
6623
16190
4092
9933
1112
494
131
13606
2281
15282
11384
15683
5255
13853
8096
4289
805
11473
18647
16871
13674
16395
9617
8882
11718
7925
11805
15278
9657
17357
12773
12765
8483
13248
9786
3502
17698
13634
17960
12612
11517
16715
10670
9806
16697
6481
1552
4679
10547
18389
3373
5476
2433
13664
17213
17243
2727
3936
12381
14083
17146
17855
11867
8881
12418
1440
7551
12682
9437
9855
12834
7638
8669
15009
18774
575
2417
5163
1237
5555
18368
13036
7917
6240
9793
18099
5366
6193
8611
11483
18636
14581
2182
16614
14787
8121
15237
2661
7529
18489
4963
647
5371
4166
16362
4371
2324
18527
16577
8962
1938
6140
1482
6140
4603
2895
6044
3197
13126
6299
11707
11584
633
4945
17105
15472
6353
3312
19007
10280
16595
3714
3125
2053
6523
5269
3867
8951
13265
7875
1451
18158
10385
11768
9822
7663
2494
9364
15537
18752
17840
2294
11932
17369
440
4298
7040
8577
7269
238
12701
6580
13375
1831
4234
15210
6629
4601
8181
13813
10494
8669
3578
7027
17472
11406
13558
15738
16866
17661
1746
11182
16808
1019
9749
103
353
8344
10557
4890
328
15904
2485
8700
18837
3262
3882
15639
8704
9905
12176
1127
5631
15683
7102
3551
9713
3625
10973
1522
18366
8162
11962
6854
3810
10068
3216
2974
16446
16264
9711
7583
8330
14675
2363
2596
17232
10325
1138
9700
7504
13095
15153
9338
8318
12891
1560
11353
10416
805
4266
3775
4944
140
1046
