16
198
170
71
134
229
2
377
299
331
171
185
303
177
294
913
1
295
214
54
16
198
170
71
134
229
2
377
299
331
171
185
303
177
294
913
1
295
214
54
16
198
170
71
134
229
2
377
299
331
171
185
303
177
294
913
1
295
214
54
16
198
170
71
134
229
2
377
299
331
171
185
303
177
294
913
1
295
214
54
16
198
170
71
134
229
2
377
299
331
171
185
303
177
294
913
1
295
214
54
16
198
170
71
134
229
2
377
299
331
171
185
303
177
294
913
1
295
214
54
16
198
170
71
134
229
2
377
299
331
171
185
303
177
294
913
1
295
214
54
16
198
170
71
134
229
2
377
299
331
171
185
303
177
294
913
1
295
214
54
16
198
170
71
134
229
2
377
299
331
171
185
303
177
294
913
1
295
214
54
16
198
170
71
134
229
2
377
299
331
171
185
303
177
294
913
1
295
214
54
16
198
170
71
134
229
2
377
299
331
171
185
303
177
294
913
1
295
214
54
16
198
170
71
134
229
2
377
299
331
171
185
303
177
294
913
1
295
214
54
16
198
170
71
134
229
2
377
299
331
171
185
303
177
294
913
1
295
214
54
16
198
170
71
134
229
2
377
299
331
171
185
303
177
294
913
1
295
214
54
16
198
170
71
134
229
2
377
299
331
171
185
303
177
294
913
1
295
214
54
16
198
170
71
134
229
2
377
299
331
171
185
303
177
294
913
1
295
214
54
16
198
170
71
134
229
2
377
299
331
171
185
303
177
294
913
1
295
214
54
16
198
170
71
134
229
2
377
299
331
171
185
303
177
294
913
1
295
214
54
16
198
170
71
134
229
2
377
299
331
171
185
303
177
294
913
1
295
214
54
16
198
170
71
134
229
2
377
299
331
171
185
303
177
294
913
1
295
214
54
16
198
170
71
134
229
2
377
299
331
171
185
303
177
294
913
1
295
214
54
16
198
170
71
134
229
2
377
299
331
171
185
303
177
294
913
1
295
214
54
16
198
170
71
134
229
2
377
299
331
171
185
303
177
294
913
1
295
214
54
16
198
170
71
134
229
2
377
299
331
171
185
303
177
294
913
1
295
214
54
16
198
170
71
134
229
2
377
299
331
171
185
303
177
294
913
1
295
214
54
16
198
170
71
134
229
2
377
299
331
171
185
303
177
294
913
1
295
214
54
16
198
170
71
134
229
2
377
299
331
171
185
303
177
294
913
1
295
214
54
16
198
170
71
134
229
2
377
299
331
171
185
303
177
294
913
1
295
214
54
16
198
170
71
134
229
2
377
299
331
171
185
303
177
294
913
1
295
214
54
16
198
170
71
134
229
2
377
299
331
171
185
303
177
294
913
1
295
214
54
16
198
170
71
134
229
2
377
299
331
171
185
303
177
294
913
1
295
214
54
16
198
170
71
134
229
2
377
299
331
171
185
303
177
294
913
1
295
214
54
16
198
170
71
134
229
2
377
299
331
171
185
303
177
294
913
1
295
214
54
16
198
170
71
134
229
2
377
299
331
171
185
303
177
294
913
1
295
214
54
16
198
170
71
134
229
2
377
299
331
171
185
303
177
294
913
1
295
214
54
16
198
170
71
134
229
2
377
299
331
171
185
303
177
294
913
1
295
214
54
16
198
170
71
134
229
2
377
299
331
171
185
303
177
294
913
1
295
214
54
16
198
170
71
134
229
2
377
299
331
171
185
303
177
294
913
1
295
214
54
16
198
170
71
134
229
2
377
299
331
171
185
303
177
294
913
1
295
214
54
16
198
170
71
134
229
2
377
299
331
171
185
303
177
294
913
1
295
214
54
16
198
170
71
134
229
2
377
299
331
171
185
303
177
294
913
1
295
214
54
16
198
170
71
134
229
2
377
299
331
171
185
303
177
294
913
1
295
214
54
16
198
170
71
134
229
2
377
299
331
171
185
303
177
294
913
1
295
214
54
16
198
170
71
134
229
2
377
299
331
171
185
303
177
294
913
1
295
214
54
16
198
170
71
134
229
2
377
299
331
171
185
303
177
294
913
1
295
214
54
16
198
170
71
134
229
2
377
299
331
171
185
303
177
294
913
1
295
214
54
16
198
170
71
134
229
2
377
299
331
171
185
303
177
294
913
1
295
214
54
16
198
170
71
134
229
2
377
299
331
171
185
303
177
294
913
1
295
214
54
16
198
170
71
134
229
2
377
299
331
171
185
303
177
294
913
1
295
214
54
16
198
170
71
134
229
2
377
299
331
171
185
303
177
294
913
1
295
214
54
