2
170
1
177
214
145
90
71
294
473
153
16
299
134
198
169
303
185
323
22
2
170
1
177
214
145
90
71
294
473
153
16
299
134
198
169
303
185
323
22
2
170
1
177
214
145
90
71
294
473
153
16
299
134
198
169
303
185
323
22
2
170
1
177
214
145
90
71
294
473
153
16
299
134
198
169
303
185
323
22
2
170
1
177
214
145
90
71
294
473
153
16
299
134
198
169
303
185
323
22
2
170
1
177
214
145
90
71
294
473
153
16
299
134
198
169
303
185
323
22
2
170
1
177
214
145
90
71
294
473
153
16
299
134
198
169
303
185
323
22
2
170
1
177
214
145
90
71
294
473
153
16
299
134
198
169
303
185
323
22
2
170
1
177
214
145
90
71
294
473
153
16
299
134
198
169
303
185
323
22
2
170
1
177
214
145
90
71
294
473
153
16
299
134
198
169
303
185
323
22
2
170
1
177
214
145
90
71
294
473
153
16
299
134
198
169
303
185
323
22
2
170
1
177
214
145
90
71
294
473
153
16
299
134
198
169
303
185
323
22
2
170
1
177
214
145
90
71
294
473
153
16
299
134
198
169
303
185
323
22
2
170
1
177
214
145
90
71
294
473
153
16
299
134
198
169
303
185
323
22
2
170
1
177
214
145
90
71
294
473
153
16
299
134
198
169
303
185
323
22
2
170
1
177
214
145
90
71
294
473
153
16
299
134
198
169
303
185
323
22
2
170
1
177
214
145
90
71
294
473
153
16
299
134
198
169
303
185
323
22
2
170
1
177
214
145
90
71
294
473
153
16
299
134
198
169
303
185
323
22
2
170
1
177
214
145
90
71
294
473
153
16
299
134
198
169
303
185
323
22
2
170
1
177
214
145
90
71
294
473
153
16
299
134
198
169
303
185
323
22
2
170
1
177
214
145
90
71
294
473
153
16
299
134
198
169
303
185
323
22
2
170
1
177
214
145
90
71
294
473
153
16
299
134
198
169
303
185
323
22
2
170
1
177
214
145
90
71
294
473
153
16
299
134
198
169
303
185
323
22
2
170
1
177
214
145
90
71
294
473
153
16
299
134
198
169
303
185
323
22
2
170
1
177
214
145
90
71
294
473
153
16
299
134
198
169
303
185
323
22
2
170
1
177
214
145
90
71
294
473
153
16
299
134
198
169
303
185
323
22
2
170
1
177
214
145
90
71
294
473
153
16
299
134
198
169
303
185
323
22
2
170
1
177
214
145
90
71
294
473
153
16
299
134
198
169
303
185
323
22
2
170
1
177
214
145
90
71
294
473
153
16
299
134
198
169
303
185
323
22
2
170
1
177
214
145
90
71
294
473
153
16
299
134
198
169
303
185
323
22
2
170
1
177
214
145
90
71
294
473
153
16
299
134
198
169
303
185
323
22
2
170
1
177
214
145
90
71
294
473
153
16
299
134
198
169
303
185
323
22
2
170
1
177
214
145
90
71
294
473
153
16
299
134
198
169
303
185
323
22
2
170
1
177
214
145
90
71
294
473
153
16
299
134
198
169
303
185
323
22
2
170
1
177
214
145
90
71
294
473
153
16
299
134
198
169
303
185
323
22
2
170
1
177
214
145
90
71
294
473
153
16
299
134
198
169
303
185
323
22
2
170
1
177
214
145
90
71
294
473
153
16
299
134
198
169
303
185
323
22
2
170
1
177
214
145
90
71
294
473
153
16
299
134
198
169
303
185
323
22
2
170
1
177
214
145
90
71
294
473
153
16
299
134
198
169
303
185
323
22
2
170
1
177
214
145
90
71
294
473
153
16
299
134
198
169
303
185
323
22
2
170
1
177
214
145
90
71
294
473
153
16
299
134
198
169
303
185
323
22
2
170
1
177
214
145
90
71
294
473
153
16
299
134
198
169
303
185
323
22
2
170
1
177
214
145
90
71
294
473
153
16
299
134
198
169
303
185
323
22
2
170
1
177
214
145
90
71
294
473
153
16
299
134
198
169
303
185
323
22
2
170
1
177
214
145
90
71
294
473
153
16
299
134
198
169
303
185
323
22
2
170
1
177
214
145
90
71
294
473
153
16
299
134
198
169
303
185
323
22
2
170
1
177
214
145
90
71
294
473
153
16
299
134
198
169
303
185
323
22
2
170
1
177
214
145
90
71
294
473
153
16
299
134
198
169
303
185
323
22
2
170
1
177
214
145
90
71
294
473
153
16
299
134
198
169
303
185
323
22
2
170
1
177
214
145
90
71
294
473
153
16
299
134
198
169
303
185
323
22
