309
522
829
785
611
123
424
641
385
419
346
499
494
106
196
715
843
26
595
20
946
18
232
384
767
61
278
426
840
754
316
865
174
36
560
239
288
847
595
580
50
781
909
926
577
464
715
678
878
376
1
551
527
238
486
880
598
531
370
984
552
668
525
456
913
241
943
567
92
996
239
270
815
786
843
931
272
965
86
284
223
73
831
172
732
104
877
728
79
973
646
888
887
15
669
736
358
897
329
948
300
619
654
685
924
828
363
193
181
689
540
336
681
920
593
384
915
145
654
917
979
82
192
555
179
934
720
729
94
787
538
442
103
996
340
982
343
435
356
690
913
282
594
721
168
623
948
60
930
659
598
188
791
750
143
915
333
712
548
639
975
181
452
743
865
891
82
68
49
840
867
13
792
539
969
361
864
537
514
193
353
274
847
664
197
901
226
875
862
285
761
312
938
836
725
791
197
561
51
691
102
40
738
951
327
543
72
325
637
558
551
209
63
250
585
958
402
649
747
364
978
442
354
761
347
162
145
541
118
111
635
919
615
820
543
46
138
105
717
989
173
803
265
555
498
662
253
538
170
777
703
220
531
884
110
887
749
161
515
135
54
24
686
452
281
945
446
38
72
534
712
976
927
739
487
622
262
66
854
256
889
29
602
683
958
238
240
849
493
106
693
458
885
745
5
759
167
305
264
883
37
442
318
653
945
911
574
500
166
102
186
750
898
65
113
697
806
14
436
99
338
626
788
575
31
954
93
667
185
452
67
945
694
805
875
77
935
716
86
346
902
808
913
707
71
563
520
19
267
831
703
787
988
583
501
773
613
250
326
530
256
849
842
207
391
409
821
905
506
109
699
472
916
621
927
246
430
909
381
899
721
256
261
683
880
73
536
416
256
934
323
178
435
478
365
660
991
769
920
788
826
840
430
850
604
457
154
792
84
695
133
885
529
745
302
582
776
143
447
544
682
853
432
129
90
553
216
570
549
596
103
859
607
741
334
501
870
309
525
165
347
698
269
396
788
416
152
394
446
564
759
699
60
818
27
395
732
569
295
4
420
313
583
169
155
9
243
728
295
650
475
146
249
114
80
670
416
384
409
373
858
646
598
777
411
274
76
379
75
608
301
310
314
901
509
683
128
102
76
348
