776
532
173
963
255
295
282
136
258
49
921
715
763
764
344
329
712
90
540
588
467
164
367
103
22
701
507
675
816
85
960
590
140
94
42
90
320
50
0
523
483
58
419
608
150
194
352
231
730
69
509
567
473
515
673
252
702
14
655
739
343
852
535
994
439
119
215
277
24
556
664
445
388
365
134
119
616
337
984
41
596
439
79
206
954
216
270
218
696
582
134
995
454
68
583
649
611
815
450
956
981
372
912
195
327
946
725
176
715
346
991
295
818
911
341
940
617
739
833
282
480
307
410
40
617
613
975
66
46
957
215
586
337
227
66
693
306
280
956
574
477
938
306
850
281
14
439
498
811
259
60
647
401
942
908
207
487
915
964
209
364
292
769
27
750
15
163
357
730
466
410
236
715
812
947
192
22
52
731
541
713
71
598
767
231
18
460
502
251
151
315
88
597
432
455
177
879
212
391
210
14
640
390
371
617
329
380
379
257
661
437
122
302
889
287
857
971
439
474
472
675
378
933
527
889
816
526
525
996
544
99
740
78
808
109
370
261
669
286
935
29
174
620
911
292
20
786
25
958
944
481
366
88
403
835
675
891
392
911
704
203
222
498
934
460
838
674
141
941
340
967
531
609
27
17
98
510
31
638
171
878
917
194
282
720
822
186
745
992
476
854
768
594
217
880
29
352
869
349
801
874
513
874
851
279
352
232
569
389
369
470
566
564
366
772
56
699
419
267
893
992
889
431
706
427
976
319
848
380
874
18
229
328
244
342
655
599
354
320
300
805
485
458
907
729
965
277
929
459
649
20
244
797
272
220
372
307
235
547
540
791
100
591
906
575
350
667
709
317
81
997
307
926
466
858
832
851
11
810
611
393
602
204
281
898
165
188
728
318
458
2
814
181
838
497
691
897
942
34
137
953
99
783
757
291
509
562
767
844
993
487
944
459
543
146
642
686
277
400
755
526
127
121
80
751
49
909
293
195
109
956
366
85
227
593
722
466
275
665
318
430
120
727
140
193
278
932
708
973
495
997
763
298
362
68
383
100
857
793
159
614
588
347
2
840
619
116
709
204
797
466
890
31
187
564
85
150
974
267
739
491
334
489
352
80
405
105
838
336
833
372
843
347
575
65
502
924
285
869
311
