385
1193
673
1321
1741
1476
716
967
286
35
26
1940
406
656
1247
1768
364
693
615
1210
652
1059
365
1017
1816
10
314
1743
1757
337
1111
172
209
1812
173
1058
1639
410
1429
1256
239
806
1729
1238
1487
482
409
54
1577
191
1465
369
159
174
1909
1329
1817
595
1942
1251
499
1462
698
106
1123
1586
215
1060
1230
1278
1325
1700
841
97
53
414
313
1718
731
323
553
915
1056
147
536
1253
982
1141
684
565
507
1242
1731
1670
351
601
1986
1165
1355
626
714
38
85
1147
625
526
1831
934
248
1144
1284
553
1742
706
1341
85
269
587
1119
301
153
725
128
1654
895
1864
1453
1786
1066
689
11
1627
1012
186
1910
127
1993
591
1100
143
1210
1179
121
249
1633
647
514
406
461
886
259
1343
1434
702
1969
952
848
49
1968
1030
337
1920
619
654
732
313
237
296
1170
1637
666
1621
666
1315
1250
929
158
1164
1171
143
1941
1672
1582
1359
1705
132
69
247
1745
48
888
1516
1637
72
1618
238
987
639
1742
1328
460
169
635
1759
1700
975
1382
255
1586
1217
273
424
1708
350
965
1424
26
1153
104
552
204
373
441
1240
317
227
108
1562
921
127
167
276
1076
1264
283
344
263
1887
1064
1125
656
1378
1133
424
1266
233
582
1757
1418
1236
1044
447
1120
799
903
1628
1715
724
1946
880
697
403
349
1413
32
1657
565
1734
652
1376
1520
1959
1297
1394
1313
1428
221
679
1328
185
857
1470
1167
294
1953
1135
1753
357
931
290
1064
943
382
1865
429
1635
1739
1887
254
116
448
739
172
1231
1586
1071
1541
816
427
1834
1190
1234
1133
1628
1258
1834
1506
6
1265
1759
1041
738
875
1549
1927
1552
1562
1811
305
536
1442
759
1112
470
1315
34
1641
1455
898
1639
310
182
1806
1476
539
1442
512
6
230
684
1201
1330
534
1626
245
1854
1394
533
559
1234
722
1227
481
1169
1670
994
1288
606
1352
344
1874
499
1773
1068
1859
1930
1323
937
700
1704
768
1614
104
1304
1358
1024
262
769
1805
548
537
1377
251
684
1613
844
317
1571
293
870
1509
173
217
398
557
1791
1639
1686
1153
738
108
388
1153
1105
1804
1726
475
463
1610
1757
1919
1111
427
549
1150
18
678
734
293
1515
1755
1427
176
1803
1779
7
780
75
1901
885
1774
1130
544
159
1986
1399
1488
737
1536
855
1619
1600
626
1837
397
1980
893
1758
903
1118
388
615
1200
1989
1364
218
1951
409
1752
1642
107
88
1708
737
1209
266
1865
1092
1459
754
1882
549
603
1877
1063
838
828
113
1180
1266
599
574
530
1566
1024
1863
200
1586
1619
1874
1976
296
135
1304
1551
402
32
1311
1323
136
434
1832
1443
1270
845
1412
481
793
217
1343
1616
1032
885
1300
1511
680
1788
528
898
1360
185
409
335
361
1025
1704
1443
996
373
841
484
1749
468
1579
591
354
1229
1653
319
1061
1891
562
1912
1286
1049
1613
1503
1188
22
930
148
1111
1315
1218
1134
1424
437
451
1330
1898
576
1519
1548
1161
1775
563
1748
1275
1727
556
1856
1504
38
1292
1686
700
88
581
516
706
1298
1564
612
132
59
1073
27
1107
1441
687
1808
1591
286
1174
1091
1618
1264
712
897
605
1896
1365
693
457
1034
815
1766
1247
1454
677
507
1854
1470
1537
931
1625
1743
1640
1162
1455
654
1504
1651
1822
1462
52
1514
1817
1594
979
1172
783
1586
39
133
1224
495
1263
1413
90
1185
1121
827
9
1889
933
646
1287
885
1757
282
1885
339
1595
741
796
1686
904
1885
300
580
1015
723
1613
356
1258
1804
637
787
602
1078
1549
1558
1388
604
931
232
1728
1139
35
628
1160
293
701
340
428
634
340
94
970
1967
1017
210
1257
1909
890
132
361
1285
1495
1985
1749
935
572
722
1483
1871
1827
715
523
1690
644
1090
1642
851
284
576
546
973
613
1392
335
1441
1977
1561
1645
156
970
1175
82
525
1081
1503
1626
1040
152
363
237
1440
1962
496
881
1479
865
600
1623
453
1375
1093
582
1039
1273
666
1734
272
1102
1026
1898
1182
1136
934
1617
1818
1586
341
1070
1002
1477
635
264
239
710
459
1700
412
1962
1829
414
406
1899
283
69
654
376
1197
1234
1000
913
768
372
519
114
1979
802
1200
796
1276
1734
1483
960
1296
1108
694
1624
790
1393
213
1017
1509
1333
118
1857
69
1435
1994
1665
1723
1098
269
173
970
1003
352
44
1788
1932
87
1323
704
602
887
1127
355
783
84
1513
1255
924
1213
1101
1505
1368
336
1327
1511
137
1089
1018
1578
606
924
1535
1364
1199
1134
1138
1813
1426
1537
1606
239
1767
1593
770
1117
870
491
1081
1619
53
999
485
426
889
527
1343
75
352
480
383
238
1201
111
73
1250
1935
796
1604
1374
59
1817
1877
1451
1374
1201
301
914
342
315
1671
730
774
1392
375
414
695
1146
1697
1247
676
1889
1399
268
1906
1878
163
1617
1189
1628
1689
301
1288
196
5
1541
1783
809
1803
1645
26
115
1375
3
157
868
1631
49
810
1341
336
1433
1427
1462
1315
1195
1345
191
674
1203
1154
886
1
202
1153
658
731
1051
1449
745
1039
1943
924
1209
1372
1485
1462
1214
1452
1763
1635
879
628
1098
1469
1149
1195
936
667
1146
407
1162
487
1128
1539
1350
1584
193
1316
1875
1805
