1626
2057
1528
1960
3234
1026
4163
3218
137
4781
4579
1144
3757
3270
725
2522
968
3006
3125
4402
1598
2671
3962
10
1
4151
771
3661
4304
467
2019
4566
554
892
3909
2853
1472
1542
755
2135
2689
1108
4176
1269
2735
343
3900
2569
2862
1471
4615
3951
4434
1823
818
2495
4598
2322
4092
1032
1003
3810
2383
1296
4567
4690
4583
1697
500
1578
4831
4748
2706
4210
1452
1069
3555
469
3829
709
4946
3584
4464
4000
1195
4340
3264
1119
3958
4084
1352
577
201
3779
3966
2162
2758
619
894
4853
2919
1629
4606
3858
1286
999
3883
4928
593
4120
3282
290
3968
4977
2041
3217
2009
3356
741
2124
2615
3304
1944
282
1160
2732
2477
3591
4344
150
4332
1963
1326
4285
1057
1744
1882
224
4226
1805
4781
1506
3218
4582
2785
1669
452
1045
840
2651
336
1533
4598
2375
2857
1966
1167
4504
1628
808
2454
1667
4545
2277
2691
2784
2033
3160
1912
4032
2237
1534
4740
3748
3992
1681
4841
1754
2720
2100
930
2415
1170
1523
4115
3361
4363
1326
3566
1368
3397
1482
1934
2491
2331
1432
3740
4233
4530
1830
2035
2827
1687
2492
4060
1318
4980
780
2517
215
4248
4425
863
4182
2402
3182
69
3915
1774
2071
2140
3907
1960
4751
496
2452
1011
2870
876
1949
2470
2941
2278
4573
59
3329
189
3816
3538
1191
3047
4532
733
3565
1433
3013
3195
2508
4998
1927
3220
4703
2146
3262
2097
4057
2500
4313
936
4297
4269
464
4301
4570
3246
3279
2918
1260
1097
4636
2201
2829
1254
4758
348
1103
884
972
3570
2586
4549
3422
2420
2240
840
4950
679
4224
3572
4158
181
403
3478
96
2080
4160
1883
901
3280
990
4523
790
2299
3051
1290
2377
309
4987
763
3266
1239
4725
2531
4997
296
3374
2410
3410
4153
610
3848
2074
3723
4434
1052
1770
974
2822
2305
232
1559
3720
3488
519
996
3287
706
1125
2333
2071
3561
144
4319
2437
3348
41
2285
3964
2871
858
2756
4896
2719
4338
2199
2504
4212
279
514
1956
831
4563
380
3886
3179
1258
1848
4361
2438
695
4586
1353
3719
3308
1781
118
26
640
3168
901
4387
4461
1338
963
4253
2634
4476
233
4776
424
3742
4343
4761
3965
4823
1586
1293
3488
2217
1600
103
2624
1393
1198
108
1490
3221
4
1929
2287
4835
4662
3200
4063
784
2829
3987
2793
4588
2524
3528
3197
2674
3538
1362
3346
2275
607
4603
4965
652
3718
2187
2048
4581
2447
3201
4388
2025
1715
736
767
2148
956
3254
1948
1591
154
4202
1338
2735
1755
1890
2415
2872
4391
808
430
4301
1748
365
3862
1369
102
558
2416
1553
3430
4712
1655
4852
317
891
1381
927
2301
4968
3533
3877
1708
3725
4309
3695
4532
651
368
2034
2812
4052
4964
3128
3864
887
235
4252
3338
1052
2168
4689
469
2597
1710
2623
3558
1604
187
3947
2631
1583
4871
290
3482
3951
3400
2897
3152
4221
499
4786
2831
3923
4193
1284
1646
3364
59
3785
4201
939
2251
4668
918
3591
2698
2111
1297
4503
3265
1092
3104
613
3656
3463
974
566
3769
277
3022
2130
3518
1899
4810
1097
2578
633
3025
3789
2525
822
1246
15
529
556
2566
3913
1703
1121
3420
1344
3644
2395
1382
2347
848
79
2396
842
882
1968
3200
2603
3115
4201
3003
4313
3991
1670
4987
4119
4538
2492
2973
2992
4728
2041
3180
326
223
145
4562
509
3913
4834
1683
1108
2186
3425
4065
1528
3714
4194
4747
3394
945
3652
675
2090
2485
469
2075
3941
831
2683
1475
89
2822
2710
3652
1790
2288
1111
2155
4619
3505
2172
347
3248
4960
3574
4240
4671
2020
3316
256
2833
3728
4864
1618
1465
4347
1971
4169
4448
2748
2310
2018
4420
4979
1505
366
323
2529
420
3505
1907
2108
4053
1991
2528
3498
2828
802
18
3985
3194
3426
2457
4566
548
70
4942
605
1511
1176
2146
4583
2668
3465
2379
4285
4061
4752
1566
1550
3003
4064
4439
2437
927
4939
306
1082
1702
3559
1182
2677
2246
4293
1545
4372
4464
951
536
1618
3232
3386
3478
2269
4309
3344
1341
580
4810
4789
1449
4003
1180
4835
2343
2060
1371
4056
1774
3806
4615
369
4187
942
3201
1999
752
990
1045
4038
2756
2445
2862
2097
1468
1300
1198
3397
4664
2079
877
2109
538
1182
4796
4180
3051
3019
3465
4706
1370
1157
670
2109
3670
3082
2052
4801
3333
551
2032
377
2594
3188
962
507
946
2665
2531
86
274
3243
1570
3904
2521
920
557
957
1356
1934
2599
6
2441
4195
3075
4451
4447
3735
582
4814
4507
2580
265
1707
4676
2749
3154
3046
525
103
4899
2981
4132
868
905
373
1808
4958
1738
63
171
2403
3782
2434
4296
3031
472
4046
3163
3529
50
1699
4867
2321
2564
3341
889
4908
4728
3671
4222
3976
2454
408
1020
1405
4971
1367
4530
487
2570
1752
4289
3249
1417
1003
2669
714
4244
1353
3435
4943
2146
2462
3190
2191
3290
4663
2977
4095
2244
4178
2643
2413
2972
3406
1300
1223
2267
958
4060
1878
324
4406
4527
2673
2747
3024
1135
4123
3010
3236
4846
4601
1189
1990
1640
1923
1305
1050
1680
532
493
4395
3793
990
3194
4243
1301
2638
2981
104
3135
2764
2962
4705
4607
1601
669
2184
741
535
4014
1736
3029
332
2492
2519
1912
4459
4760
3835
2854
1338
2891
3465
1156
1417
1452
244
3617
1832
4818
1538
3290
1739
1737
4443
4562
3985
1105
2345
928
806
4111
3599
2039
4987
4427
4657
3970
4378
131
3418
4558
2706
336
3071
4643
2385
3871
3159
1368
1797
1289
1876
4051
4380
3688
1459
1852
3055
83
1465
1612
4018
2855
580
200
1816
3174
3183
3998
2009
3457
3907
