1712
193
541
236
1529
1582
1895
794
379
1169
1526
1026
1392
1931
29
1102
719
1073
661
1260
476
1665
1125
1207
981
1000
1265
965
1339
1171
108
1296
886
34
1695
1749
784
850
1187
1902
542
606
1742
1257
1138
741
1038
1858
260
500
526
1517
483
1599
1279
1112
815
1039
1814
459
1295
911
316
279
1868
237
600
625
269
343
563
1960
214
1053
854
1049
1738
1902
1246
1635
949
59
738
1576
385
1898
743
1660
238
851
1475
426
245
1210
998
1388
506
283
169
1447
844
1597
1108
1285
1271
565
1494
207
1502
402
1941
866
1193
362
1888
363
1499
1799
1128
425
1015
1719
724
1455
113
1691
564
325
1028
1592
243
805
126
347
603
1792
1245
1098
1369
92
1615
1384
1551
850
1446
1414
1682
1304
1284
1028
1745
1116
576
970
1729
68
1273
1980
129
469
1772
138
370
1742
1234
1806
1194
1963
753
804
459
436
337
416
735
977
1118
1502
218
1921
1945
88
616
1994
1304
690
141
974
1539
860
1245
178
283
297
231
967
217
1136
36
670
1948
1292
1862
173
1882
216
716
1641
169
1081
973
629
1964
183
1919
1910
496
1416
1898
19
1356
1029
1692
877
859
1719
1859
519
639
1447
5
876
1187
224
1708
1087
1446
1431
268
1486
316
872
404
1201
1812
150
844
1767
368
611
1030
513
1063
1750
1648
1289
791
1173
1255
45
1513
195
158
1557
1453
538
1191
1285
1990
1766
1555
450
753
7
1051
1685
880
1706
1578
1749
289
611
1680
424
594
1279
61
560
1152
292
556
935
1896
1832
962
509
1586
1170
534
1595
1240
848
1631
92
1803
1417
641
105
1265
1932
1529
1437
1536
1052
928
630
1688
1348
1261
1088
48
788
941
1696
1789
838
1490
152
1603
562
1518
1201
1404
1240
1882
1475
1521
512
307
976
350
1115
907
1950
1741
706
1808
141
474
1913
559
812
962
1855
1934
1947
1122
816
367
473
476
837
1642
263
1035
1301
1901
176
41
830
1847
975
1102
554
87
1867
1948
1605
354
269
1688
838
719
634
170
1689
306
1091
1248
201
1900
1700
466
74
1830
995
1324
1931
392
1861
1350
1128
480
1985
352
473
475
903
1911
715
693
1860
795
609
1261
177
594
1937
1665
1112
1723
1855
1366
1179
478
60
770
1846
1781
991
957
1367
1447
629
1317
639
1906
496
1882
84
1692
1714
1056
1749
423
1933
542
1718
1647
1220
20
960
1045
357
1367
1216
523
143
1478
186
359
587
501
1422
1425
541
1032
1154
176
319
1103
1491
894
989
894
630
1671
1833
182
813
1788
675
1940
399
904
1626
232
867
766
1579
1406
1826
1723
1404
673
360
1292
1367
1047
660
1000
1000
1435
1096
854
1245
635
263
1055
251
0
1585
611
1635
707
1628
1264
1484
201
1165
1974
167
483
943
930
802
758
1305
1133
1091
1631
1624
731
1397
1178
1222
260
1052
918
385
86
1948
1240
237
830
624
1228
737
493
578
100
573
949
1224
1355
1915
1535
1708
1637
61
530
1823
1356
517
1516
1224
357
1898
1772
1738
472
1410
1975
1345
1529
1645
316
309
513
386
1658
1991
143
1358
1432
1123
1309
597
232
563
1863
938
1719
1230
90
678
179
1083
1105
764
610
257
1537
1827
1412
1890
1008
1033
152
1369
583
1976
1287
686
1045
93
721
564
841
267
1743
1403
116
1456
610
853
828
1384
774
1257
1718
684
22
756
1487
17
1892
733
457
1447
1378
1310
1134
1234
335
1352
1404
946
1871
962
1628
1698
819
764
1140
1557
1868
98
691
659
802
405
1984
195
236
954
1237
627
269
1174
1835
1449
1284
254
1435
662
1990
759
606
17
1810
864
1010
613
1448
1648
409
1446
1003
1565
209
1730
159
800
1655
1727
1861
1949
1199
100
591
1501
1387
1501
433
477
806
332
310
478
807
945
1540
1681
1555
583
186
125
543
869
388
1890
276
198
608
1561
1162
635
885
391
660
1137
694
1566
697
440
1578
891
592
528
17
189
1195
1717
158
521
1491
1630
590
253
767
1382
404
1757
54
1724
1852
672
1831
375
1542
822
1581
1775
646
1191
962
1456
910
537
232
1146
1640
1167
1551
491
905
1545
320
341
706
109
1439
1657
1710
766
1057
1410
1825
899
955
1070
1128
190
1326
870
507
742
22
715
1908
1839
1954
714
1560
1491
1841
1340
253
878
955
269
1787
1481
968
598
1752
515
1066
866
523
1593
60
1122
1310
969
933
1203
153
530
1977
332
1516
232
1777
859
645
294
262
1800
1995
1715
1242
787
191
1641
178
58
1099
1348
391
1881
1435
1061
1817
1311
1807
931
1230
1779
67
700
652
1610
1368
1390
1763
1994
1517
1406
123
394
1313
950
1421
900
416
513
1144
186
935
935
644
525
1080
1166
1652
1326
439
803
1949
486
1149
580
305
24
1383
1566
191
727
1763
1789
1270
1383
845
1088
1465
291
212
1206
1021
1091
1108
1377
1140
1280
820
111
328
430
1401
1606
1037
1276
703
680
1413
1581
1345
1011
247
1072
563
1479
1355
1163
1492
1279
841
825
426
423
1289
1261
1737
170
1403
1737
1333
503
970
711
1916
370
1559
833
52
1840
207
1683
192
641
989
720
1888
210
444
1976
332
1612
580
1517
864
81
1686
1662
312
1250
1105
834
1853
891
919
1179
1572
164
367
1031
662
1029
1328
1109
236
1279
1519
4
890
515
353
1414
