3321
2877
642
1376
2054
4832
2076
1428
4650
4459
4711
1889
1393
569
2815
2277
1416
837
3502
994
4492
898
323
3703
3866
946
2281
398
3923
1260
569
2247
4347
1308
1128
1595
4179
2471
1162
3279
1765
1592
619
4484
2635
874
1423
1010
4947
2746
2177
1773
1881
4758
2344
1071
2996
2136
4039
1923
2635
4975
3597
3584
1671
3853
735
4053
3639
3440
3457
4139
2404
1697
3254
765
3688
2593
3021
2180
666
1999
3187
3058
31
4669
83
2329
1597
1687
4803
4667
1474
2398
3413
3536
4735
1513
2025
3176
3187
4307
672
575
1822
999
4254
1310
1446
3543
4720
4365
3071
4358
3369
2734
2787
152
1311
3752
2012
1600
2801
1561
3843
1851
614
1941
985
3536
4125
4795
4652
2064
2520
2981
3892
3522
4155
3094
2136
2891
2157
4515
4397
1253
1909
2932
586
2818
3775
643
1193
4291
2547
4406
4553
1302
4251
4640
2154
3170
916
1331
4057
3855
332
790
3848
4431
2047
1932
354
2626
3815
4830
158
768
2248
4182
2363
3545
1965
4834
3586
4104
3840
4919
3396
2734
1786
3389
2952
177
3574
1793
3613
2712
307
2981
980
2171
553
1483
359
4353
4242
3607
236
4671
4397
195
769
49
2215
3780
1916
1592
310
472
3472
4493
3724
1941
1359
2904
3401
1665
4760
534
2463
770
2123
4229
4266
4042
3026
2560
2686
2888
1426
1255
42
1699
3110
2026
1877
4353
3202
3934
1545
2229
4007
3410
3067
1817
820
1230
2117
2752
2873
4440
4380
783
1876
3439
2424
2878
1214
2183
2970
675
2473
1902
4615
3039
4190
4057
884
2284
4587
408
4546
4158
3245
1266
4353
1099
4939
2394
3707
1302
3906
564
1760
2424
294
3673
345
3742
1838
4855
1851
1437
3154
710
2303
908
630
3871
1495
1546
2658
3691
1999
1990
1892
3699
3095
4535
1314
1766
4339
3459
207
1415
500
1772
676
2188
4165
4081
2886
4663
3424
1367
3557
3313
2461
1993
3113
9
2416
2865
1320
4982
3525
3626
4764
1764
3801
3482
4835
1088
2344
4423
1315
4108
3124
1610
876
1335
3028
2280
2795
4692
3591
1281
91
968
98
2535
3761
2273
939
4358
3148
4784
1171
4820
4408
799
4221
914
161
3137
3292
1038
799
400
2863
232
4106
2054
4698
837
3580
947
3321
3206
1640
4353
224
4931
160
2577
3491
4692
794
324
3907
885
898
2493
3200
2308
3144
436
4272
3495
4950
2036
1264
1068
937
1145
3979
919
2010
2430
1121
1497
305
3422
1320
4481
1493
3409
2275
1259
3153
4913
840
4773
1597
2308
2768
2734
4829
3768
1034
2167
2535
894
617
4309
3461
3719
3757
490
4771
3609
1873
4571
1789
4902
4574
1580
4151
1887
4914
2378
3518
4349
4824
3581
3676
2550
4026
1674
4584
60
4587
4432
1296
1792
3574
167
2469
1529
1607
4246
4460
3814
2282
3804
3525
2064
3030
4331
2099
187
654
1670
3170
2352
4567
4979
695
1115
1643
1094
850
1368
2331
1149
4940
4049
230
2087
2154
331
2041
2545
2271
3055
365
1095
2891
2476
692
681
2115
2354
3511
2644
3376
2817
321
2144
1360
1795
2626
3286
4201
874
4817
3204
201
4412
3680
1328
49
513
2121
4306
1516
3317
2249
1478
692
364
4672
4054
4508
923
3874
2744
4586
3145
3250
2440
3109
821
3171
2508
3870
4289
3893
2689
1949
318
3245
4214
153
2462
2225
2635
4986
3015
3523
3327
68
3427
773
2604
3591
3449
2038
307
3420
3446
115
473
2498
2409
2846
4362
2789
4496
3281
359
4678
4323
2477
846
4358
964
4913
2074
2200
2381
3579
4305
1982
809
3267
3958
1277
4027
3575
1267
960
3479
564
2573
2590
4205
3223
1427
47
4332
878
3374
4031
2668
3093
187
2942
2220
1588
1901
3664
2421
2210
2995
4739
332
3060
4764
3506
882
3547
919
3327
399
4029
3060
1523
1057
2306
3789
566
2942
2784
1312
1118
3920
2205
2311
402
320
1309
3120
4754
4105
1442
603
3973
4412
4696
1516
208
3855
4619
2123
739
1508
2953
4862
84
3874
2666
2257
4769
803
3797
1478
4894
3576
3728
1851
1938
4984
4005
2760
862
2135
4580
480
3601
3022
2038
2461
2090
1989
3496
4663
3866
1905
4146
1709
4651
901
1549
2080
4270
1574
3757
1557
3206
2403
3586
2742
3195
2896
2032
113
3033
1737
3180
1590
1013
2373
794
2474
4483
4149
391
3077
4055
361
3708
2120
1560
3589
3411
2867
4065
4727
3775
4981
1757
2012
3911
2284
2665
872
4416
1405
2710
1245
4455
3481
991
80
1542
4368
3126
350
4919
886
656
356
2714
3113
750
1263
4093
1065
3940
3725
4864
3696
4739
2310
647
3115
2964
1340
3336
1974
4102
4382
1414
3774
4581
4909
954
922
3298
4217
1240
2374
2028
933
3801
1103
1923
1373
1306
3245
2145
3054
3955
3997
2291
1421
2235
4045
3535
3749
2316
1544
384
760
2002
686
2458
1939
928
4720
1936
254
1106
3974
4493
2261
1828
4055
4661
4636
4181
4846
896
1998
4316
3023
2025
1064
3631
2415
550
2676
4585
657
2479
662
457
4087
1307
1158
2855
1049
2753
3025
613
3482
4544
2793
4604
4137
440
1350
577
4607
2719
3026
4341
236
3462
1305
3278
841
337
2757
3005
367
4981
844
1534
4878
2058
3883
4912
3469
2911
547
3368
2257
1865
657
682
1971
3367
3814
3786
2920
1939
1555
2899
3202
525
3268
2048
4602
4724
1963
1085
4538
3629
4951
1431
1697
1989
2438
1665
4391
727
2006
4428
1434
3620
2010
3201
3125
3056
4737
3977
2147
1380
910
1661
1862
2892
3122
4916
4918
421
1071
3405
4150
4656
4219
1707
1424
581
788
4887
4686
4041
2784
4324
2437
2848
1602
2511
3082
803
3731
1201
1511
3712
2476
4193
627
4391
4118
2958
4453
3567
3561
3951
2912
4806
1765
3967
3408
1487
3589
4844
891
1063
1365
3618
1543
3052
1473
4929
4459
3677
169
1887
1415
1105
2026
84
3760
1908
1758
691
3037
2946
2808
128
1918
4207
4896
3622
4794
4718
4307
4107
3670
4729
2077
1440
2772
11
3664
4150
2454
2690
4455
809
53
1888
3420
3326
3
1622
392
3115
1010
72
2381
727
1874
502
2246
2768
376
269
1177
1393
3771
2119
958
3640
1454
2378
3788
1560
2398
362
1815
2520
430
2571
1892
1075
98
3214
4442
644
2348
723
3606
630
24
3509
2038
4227
1489
3814
1360
3738
461
2099
1979
1485
3924
2572
771
4369
3701
1743
1722
4148
2274
2437
1719
3851
3654
3462
4376
4563
1056
1151
2098
2627
3120
4256
2620
2608
1827
4000
828
1404
2399
3704
4434
3589
3254
1492
541
700
1807
3911
4403
3498
663
1399
2108
41
3519
1470
4331
1917
4008
3150
4535
1577
96
2139
4759
3489
962
3750
1545
2090
2336
2934
3971
3664
1899
3512
1499
764
4960
1367
639
1663
4739
3197
609
841
4022
155
295
1739
4277
355
2531
3350
3995
78
1046
3621
3074
828
1666
3796
4730
3202
1149
952
577
3178
2260
2326
4455
831
85
3718
4806
2346
3804
472
3188
1431
675
4685
3137
4356
93
4771
4908
4423
379
3288
3684
1834
1517
3227
1085
918
4849
3582
1580
799
1210
4515
2625
2345
608
2486
1208
891
67
