1236
7437
902
7257
2152
5468
9553
7784
9168
2900
2881
7378
5842
4613
6151
8268
5751
7112
5933
9995
6782
2622
1409
6485
4732
946
6540
2540
4093
7703
2014
2174
2965
6098
574
5125
7353
6161
5447
9660
9768
2641
7760
9257
7472
5845
3800
7239
7604
6984
5233
8251
1723
7188
2343
3300
665
9957
2895
9761
4005
6561
457
6531
6593
6183
2249
1670
7331
9645
5750
7028
7828
813
5946
6505
1438
9564
8285
4975
9815
4877
5557
1591
5685
4528
1052
8355
6542
5082
9663
5756
9017
875
6217
1077
3220
5617
3021
6513
2775
2269
3382
4666
6840
7231
8158
871
8942
3500
9432
3000
3815
4067
8837
6610
3174
9537
6605
6390
7355
4039
2762
2448
2959
4458
5707
6387
2234
8021
1551
8567
333
7210
3854
2976
7171
2746
4773
4179
1054
507
3839
8691
3090
2543
2380
2143
3070
5716
5040
8950
40
3072
9889
2927
631
4542
1397
8111
2184
5019
9820
5702
2710
4974
3921
8224
7125
3277
7961
6692
1187
1252
8777
2912
3664
7177
8890
4355
6551
9036
4473
3324
7879
6769
6344
8838
5508
7527
4296
5076
1884
8292
7713
1291
399
4837
1417
6747
8800
3056
1051
5570
6763
9022
754
8552
2421
9189
7382
8938
2670
8346
7146
3596
1834
9371
7649
3476
7554
2708
7223
6212
2884
7548
3507
6540
7753
6822
7570
6300
5429
886
9227
4683
7041
4954
4410
5285
3545
5283
8610
3406
1546
6467
9927
1671
6953
6755
4549
2432
8312
7990
3685
9196
8777
5710
4774
5761
348
4971
5299
2772
4202
5806
3593
7833
3261
1876
6505
7098
4337
7228
6565
7379
3410
4848
4711
6722
6168
8591
4259
484
7030
9985
542
9069
8851
1563
3030
6225
3496
6530
1511
4298
8600
965
3816
813
7765
5727
3201
7300
3209
302
4038
3078
27
3038
9801
7538
8275
7761
6872
6157
7796
9
3512
6207
5242
3150
6007
8550
5141
9181
4894
4740
2502
4219
6395
4689
113
8062
7258
5740
7913
810
457
3659
4981
4843
8247
1896
4326
6672
6665
2336
1256
2167
6111
9674
5881
3726
5320
4014
8952
2758
7734
5088
1666
6788
9515
7660
2662
3821
8992
1732
5286
8492
1234
3690
1324
2733
7861
6468
9833
7072
8444
6
4756
4510
1316
5303
1387
831
3075
9337
5044
650
548
2789
4651
1622
2753
4933
9572
6258
7653
4021
3845
7508
8912
7320
8526
3571
5052
2716
1091
2972
5801
5204
8517
2551
2853
2294
6828
6557
3236
7616
5072
1675
8451
8047
2720
9235
9986
824
7358
3925
2236
8020
8018
3988
7616
5513
1798
2983
6259
3787
1288
1532
9667
1024
9451
1404
4311
2982
3633
2225
1702
5996
7799
7705
8795
3184
4573
1667
3286
9694
6821
7723
7242
5481
1865
1425
437
8563
3496
839
7605
3820
6545
1846
1474
2831
8898
1400
1716
3893
7222
5640
2621
7466
2136
5556
273
7614
4340
4452
3570
5289
3222
1365
1010
3572
69
1928
1862
4829
1765
1011
5413
9563
3081
7716
5768
7358
3752
8380
8254
50
5707
1950
8470
4132
1343
4631
6414
1362
4837
8961
1061
9295
4025
9018
6600
4301
9262
1809
2435
8797
2417
3041
8989
1570
3885
4175
1654
9083
6658
2061
3874
5062
1091
4351
1867
8349
5739
9704
4826
4132
4773
6529
6147
8511
3908
794
5665
9643
9715
2166
1381
4334
5599
4129
8318
9025
3414
9532
307
9951
4488
5653
3308
5612
4619
9388
6465
5330
2561
7556
9414
2591
8939
9960
479
2658
990
9652
5458
6998
3119
2199
1010
2333
3005
7245
4601
5320
1634
1643
9966
6100
1834
5497
2030
3027
3357
1047
1678
3875
6446
3631
3473
3087
9615
1612
1450
4512
5843
3123
7633
7380
6982
3996
3533
4241
271
6319
9259
9161
88
1761
6722
3098
3666
7658
9127
1689
9844
734
8114
1462
4880
6459
60
6249
1271
3804
559
1209
1770
8883
7462
4106
9659
8792
6858
8824
2656
7371
5333
6942
7041
8944
6177
1432
1259
5779
7117
3013
6506
4987
3213
2655
7243
4968
1359
2193
8246
4554
5099
4923
479
5736
6827
1864
5495
1942
1484
2007
996
4850
8454
6895
5042
2663
5677
22
724
6415
6368
8149
4899
3290
7147
8930
5045
1304
8710
4503
5446
2355
3783
4858
2051
7783
6710
1045
5401
9399
9163
2710
3619
2391
4270
3810
858
6062
884
2155
700
756
5065
4784
2367
2892
7855
264
4960
2879
9433
3269
8003
3090
6240
794
8816
9612
5653
5380
9943
4143
5259
3862
845
1093
6317
1046
3392
7358
4301
937
9875
5226
2099
4353
9351
2303
8157
5674
8170
6554
426
2486
7925
8483
3447
315
2392
3521
363
9685
8468
9918
7104
9041
5797
106
2622
9651
4790
7478
2670
3762
9210
3741
7630
5325
8452
9608
2571
9217
5983
5442
8581
4768
7097
140
9565
1443
2600
3275
312
1608
7646
4986
5673
1133
467
3343
8792
3947
7124
9617
1232
4856
6951
202
9628
7159
4833
6217
182
2090
5095
1001
1794
9800
2611
7347
5702
3275
895
5097
6408
4038
8475
9857
5833
9142
4826
9628
6753
9770
2688
3953
7586
9920
8280
2470
5629
4556
7083
4264
2730
7794
5828
2425
3446
1943
2577
3960
5783
6922
9857
1774
2322
5361
4682
1713
3509
5287
3541
5542
8873
7209
7962
2109
9185
4668
6996
2453
8341
8690
8293
341
547
3082
855
2341
4890
8548
2586
7342
6120
6301
5243
6132
8780
3703
5514
3998
8266
729
9281
9844
9968
2307
4765
7246
9266
8624
6343
3970
8540
7075
9045
8691
7670
3552
9687
6608
6288
9856
6403
8622
5559
7515
4075
9206
4928
2477
3209
5760
3352
3308
4359
495
6209
9032
3834
3388
6861
2580
5832
3161
1572
1981
2076
4705
484
5061
5127
8605
3009
7869
9182
9933
8776
3606
6887
9937
1419
3131
6334
7006
744
5275
2997
6084
1368
7255
4569
1929
4550
7159
1169
5820
3331
1810
788
2503
3272
6159
5530
738
2033
7678
842
998
7727
9959
9714
210
5904
112
5573
6593
5939
2495
8635
1047
5364
2664
6981
5122
3362
2340
4024
4120
2084
3143
8914
5502
2198
5170
8295
5250
9472
2224
5514
8992
4137
1994
7265
1191
9410
6159
5954
6253
3400
4759
2867
5031
2874
326
2083
2277
9493
2767
2569
4530
4354
9559
1413
7389
1213
6566
7053
1836
5646
6757
6288
3354
9091
6232
7404
2258
3785
9758
1330
2147
6175
2892
1446
7383
8083
2256
6340
3303
7040
9757
694
7793
4880
676
451
5846
9940
376
9739
3437
4042
2315
8456
3249
2903
5011
2468
9840
9815
7894
3577
8132
2723
957
947
3187
6226
1463
6274
324
8540
2446
5648
276
8270
2375
3655
2052
8348
590
8806
9441
9814
8185
8003
8071
7264
3683
1020
5477
6836
9350
6010
802
4998
5890
6229
772
4994
5176
6011
4160
4506
8923
9738
2895
7197
2714
1083
5252
1912
5553
7841
2234
2467
4287
2346
8614
914
2503
8997
5258
4355
6840
7130
1784
3712
3556
5941
897
4312
8854
8899
5349
9199
4022
5603
9039
7786
9359
588
186
6503
3736
541
7946
5678
1128
8776
2346
1495
2163
2699
342
5440
9452
2243
1902
2441
3565
6003
1951
809
3187
7063
4080
8573
8093
1738
4922
7430
2996
1222
3975
2522
3789
5694
3668
6845
7773
9592
5137
6306
3999
6963
3848
6080
2476
5139
218
9662
1594
2079
8721
8651
9724
8103
6315
3875
6521
684
958
2968
5727
2922
2814
7227
3032
8680
2171
5353
4476
4447
283
9788
2340
3328
2526
9147
1457
2204
3770
5929
9719
4859
8787
3349
198
6977
2595
7413
1133
3270
2255
9155
7442
4416
789
5720
4991
7060
7810
965
4294
8802
3290
7986
9923
5093
9412
9932
9204
7342
4843
7863
8111
9399
2404
4810
7398
7266
8739
335
7340
5960
8873
5121
346
5796
4137
5084
8045
3774
351
5974
27
7531
7787
9429
1315
7681
2511
1523
8108
8857
3052
6588
8770
5375
3440
6951
9084
1959
2551
7737
3410
5928
2903
9022
4122
6112
3293
904
2492
1365
4336
7525
6369
2026
7432
726
6144
4011
2998
4250
5419
8898
1205
8928
1418
1145
6686
4619
7626
6734
2416
4018
9170
9067
1066
5390
1270
2192
7439
3993
8997
9018
2364
5312
8571
1953
6664
1789
8525
2609
2499
7129
4543
3109
9668
5163
4021
7848
5278
19
4657
6332
8643
792
6625
7614
4807
7101
6099
5673
3870
1588
4343
7072
9369
9850
5983
6430
3739
3778
2059
62
3286
4608
7859
7442
8426
9599
9565
3238
1406
7904
3750
9262
7198
6294
5618
8885
1672
9019
4048
1374
6402
5465
9880
5132
2795
3283
4009
9498
5946
8550
7691
7002
1741
6396
1917
9248
7647
4134
1037
9410
8917
9473
2666
8493
5107
4465
4265
5961
7277
7355
8610
2398
5177
9773
962
9834
3582
2167
4996
3235
431
9610
274
7095
8454
5534
7996
3360
5945
6247
9718
2844
5931
2299
809
2422
5568
7134
1586
61
9097
6245
4714
5452
3894
6417
9407
7192
6234
510
5231
8559
1627
3614
1362
313
2409
4097
8176
1738
3425
4023
8345
4821
6820
8276
5496
7619
686
7260
8621
3433
4624
6775
5267
5324
3283
3340
8965
9403
7338
4007
4840
8182
4067
5534
9948
7103
4477
6447
846
8367
7148
7417
3131
5442
8363
7411
2259
8060
6473
9213
8387
8787
4417
9510
349
1353
2116
4034
3976
848
168
5206
1863
3297
2176
466
6113
1359
8391
8536
9667
3428
336
9130
9395
3802
7847
4049
9260
3075
7481
8430
4943
3559
3319
8925
9914
948
2056
1341
52
6167
6175
6547
4361
4365
8915
5248
7634
653
5039
3657
3215
7010
5862
8736
9657
8766
966
31
784
4845
3891
5504
6659
9939
6404
9743
431
4137
9648
4371
5004
2966
2289
5718
3716
851
6863
1704
6197
6585
9623
3212
3562
3886
9440
8274
5983
4362
4415
9215
9225
5654
4141
8233
4598
8309
5302
4902
5703
3798
9695
3553
5122
8718
99
1081
4826
9223
4422
4452
907
2695
8125
9372
7607
4425
5661
2229
48
7203
600
4614
6072
3398
3003
6416
1945
4515
3307
398
3450
7667
2873
6279
6051
1156
1181
6031
2098
8893
8600
6683
7737
8934
6398
6970
2106
721
8515
919
3141
7047
1806
46
5541
9127
3116
9206
4470
8854
7843
7505
7894
3231
4603
7043
7253
8997
2684
5363
7367
4687
5739
2972
2987
2157
6452
6214
3122
6231
4470
8096
8054
5302
3716
