1311
4806
7945
3900
8116
7606
9780
9761
7843
6284
3637
5572
3409
4434
8842
585
7992
9150
6669
2845
7113
3227
6300
555
3427
4316
5633
3771
1340
2399
4252
6900
3735
6899
378
4179
2620
4842
932
5402
9765
2992
3473
4545
8150
9976
486
3756
4037
5161
4507
4390
3004
1903
9502
2635
4469
6259
1421
1947
6375
174
9373
4427
9584
125
4841
3821
3637
8382
7928
3829
8511
9204
4340
5086
4640
3329
4855
6842
9697
233
4713
5937
6528
7034
8258
7320
3742
5419
2190
857
6075
5703
2809
7570
6573
272
7601
21
3652
7612
8190
3798
2267
1009
8473
6784
8117
1694
1316
2093
3700
7097
5083
4660
8139
5262
2292
401
2355
4967
6843
8120
4065
2911
451
4375
4
1093
3759
3440
5656
2188
9608
3605
9337
7190
4173
6992
8745
9449
1166
2952
2752
8483
4822
7432
1673
7104
4449
5077
4627
9619
6509
5246
2063
1810
3964
7695
1066
5049
1292
3060
5162
8808
5718
6830
3948
7216
9740
2529
1761
9265
7060
1922
6702
9981
5907
7955
7078
5733
9610
324
2192
2352
1445
3769
3299
6098
1705
6546
6745
8855
8051
681
1019
1736
4031
3003
3177
5541
1425
6048
685
5884
9858
7151
8071
6166
860
5357
3573
3453
4858
1112
3488
7437
90
7963
6968
7692
119
5701
5419
2022
8241
4463
2478
7266
3040
2282
4073
6797
6212
7462
1488
7748
8919
8110
8713
4119
4411
9298
1482
6933
4718
1040
2663
1921
8451
8224
8797
1279
3597
1343
2089
1263
4220
5066
1236
9192
3838
3759
2886
2871
8529
2811
8355
1116
5623
9213
8118
8253
1605
7498
9969
5464
5392
4408
7669
3361
9471
6580
7803
5983
7716
7824
4066
2452
2141
4286
1354
1664
4872
1654
7669
1931
6216
239
4297
6840
8533
9774
4609
9511
5989
9326
7344
5784
6564
9455
2713
6978
8743
4832
6467
4595
506
8641
7652
6742
136
6601
5938
1225
4396
2152
5963
6579
1210
928
5826
6411
4261
8579
8494
8812
9250
2798
4382
8228
9049
7131
4700
6302
3459
8225
9191
6685
44
3212
4716
3395
3263
5856
5316
5274
1348
988
9334
3578
1597
1118
8754
8074
8843
3891
2992
6262
7160
2324
4079
6141
701
2860
369
6725
7907
2093
884
2883
5546
970
2177
123
3421
4706
2303
9834
1909
9484
2683
2708
4028
5930
1540
8412
4466
8952
6653
3396
5141
770
5826
7780
9051
3357
196
9622
2480
5242
8094
5684
3522
6082
7104
2044
2240
9640
2262
8433
1482
4436
6848
6446
3183
5901
3586
9859
9988
7309
4809
734
5487
8252
2476
9132
9906
5788
9676
2473
6926
1331
228
4238
7563
8424
9990
9770
7698
3047
7670
6439
6340
3334
4382
9328
670
5344
4265
8897
2920
4622
6358
7979
7686
8576
9508
5280
3248
8775
2581
1108
8853
2275
2477
1813
4252
1513
1994
608
5524
9945
5488
4639
151
1304
6835
2796
6481
1331
7145
2227
989
3145
6336
8075
8399
1064
5052
4301
512
3350
174
5622
2559
818
5134
5614
8344
4631
4599
7947
6624
1977
5722
6853
1420
7391
7022
8973
9999
315
4387
4890
652
8771
2148
8402
1823
4171
4818
2956
2604
8085
5998
455
6280
2349
3954
5527
6639
7498
9459
4247
2645
5732
7733
5656
3515
8370
497
9976
5012
5528
632
9147
5954
6113
7334
1866
5420
5685
5118
411
4160
9456
7792
8634
8760
6916
7434
769
8982
9754
1020
2676
9493
2284
433
1273
7457
5785
8281
6004
5249
3574
2888
6520
9384
5935
411
7135
1845
9883
6109
500
4542
3788
38
4369
9679
6104
3123
3799
1237
5319
8491
1297
7269
7652
1284
9801
5361
5595
2800
3874
62
9461
3697
9420
7650
3226
7972
7908
2266
1220
9167
6570
4381
5118
814
4193
4902
2286
8168
7904
1094
7745
469
2922
4566
9995
3465
9708
2662
6122
9799
5927
3507
9049
5659
6604
8188
1464
7236
5883
8907
765
1408
8214
8910
7462
7998
2998
4606
3108
3598
5932
6677
3823
272
7063
5266
1886
2428
3896
4425
4618
5666
970
1809
4840
3338
8466
4694
193
9638
4286
7190
3097
1026
8253
8796
9743
8294
9878
2112
2271
1651
5685
5435
8824
6919
5622
8655
1335
4422
4251
289
2275
9674
8197
5370
75
9002
7031
9526
1932
3187
9920
6096
4386
8309
9015
5768
7932
7087
2218
8110
3111
7669
5025
537
7148
1365
2183
1388
1226
8084
5273
3786
9551
3393
8667
3632
3895
6670
3268
2836
3812
5071
528
8789
3618
8951
5739
6707
6126
9995
423
3893
9889
2297
2595
732
5945
3218
8216
682
6286
4716
4405
4473
3062
7982
8176
1672
1407
7943
8676
4048
1315
3645
3882
7301
981
6338
6412
5157
7571
9380
3979
5383
3953
9373
6325
8017
1135
6365
6634
2728
538
4963
5666
6647
9127
8873
8790
6948
8768
9048
7554
4428
4896
5556
6984
6651
862
7688
9039
7338
7898
599
2268
7056
6028
7165
2638
2923
4016
8382
2832
4725
5709
3617
2228
3378
6719
3953
4443
4360
4373
8900
2720
2891
8155
5150
3559
4415
1050
2011
7511
932
3461
5447
9596
3615
4351
8219
1954
8532
5674
531
3242
7883
6321
5647
1592
3786
5606
4974
2630
3992
1255
5180
7304
9122
7261
7368
7610
7532
4478
9057
5729
7091
9693
1539
7863
4811
7545
5121
7094
8216
7428
5753
9561
973
3787
4437
1742
631
8513
4151
5138
9006
3401
7100
4513
1475
6924
7987
5594
1772
7307
3101
1407
4952
5927
6418
9249
9412
8240
3437
7245
5055
4067
1986
6967
4529
9979
8284
8534
327
4575
4054
4080
8163
9857
7253
5690
657
5283
5844
976
2792
5898
355
4275
7221
3856
3024
5836
6040
3653
8086
3062
5873
9139
6142
8456
2963
6328
2481
6081
6150
1600
7640
4488
1272
5912
8630
442
2529
316
7659
5117
1406
6422
2863
4370
9808
7716
4339
2428
3410
1954
1301
7082
7498
5671
5438
9747
7920
7524
3435
9918
7551
4753
1985
9003
3500
62
9113
35
2654
9727
8740
4204
8306
5618
2262
4637
9180
4039
702
9222
7849
3410
7792
9135
6205
2778
1646
5790
8135
8702
6423
4767
4886
3733
1318
5322
2238
3300
3759
3156
4265
9311
8014
4001
8591
8079
8727
2240
5139
2287
8564
9941
5124
9124
9388
9413
6801
8230
2158
1657
8508
1568
5743
8228
1208
3530
8764
5337
3680
4803
4591
7345
3164
9461
9882
5855
4580
6633
7374
9890
2601
9766
1766
3947
5647
7453
1675
5547
8640
4902
5031
3262
1766
2328
386
9638
9866
9180
2664
8017
7161
7789
3444
7391
9103
6478
2380
9184
1777
5637
2806
7851
6431
1538
433
4802
2351
4917
655
418
6100
3930
6046
5724
8413
6507
385
9378
7792
696
5398
4378
7114
1968
5796
4175
7280
1662
4991
5142
7768
2375
1764
3018
8787
9743
2186
7493
6135
4201
8304
1566
4938
4441
7035
412
7159
981
8741
4433
814
5997
3007
4120
5370
4569
2027
9863
7792
6387
9457
7595
331
408
5725
6808
5374
2833
1077
83
3841
5886
3113
2806
3340
2884
181
205
4325
8246
7944
1815
5015
9044
7520
7977
8985
9166
9768
5037
6109
3822
1144
5868
4429
3640
5631
6497
3547
465
345
9251
9706
5083
6308
3156
184
8544
9596
1176
7443
9598
8573
5082
1834
4983
3347
1767
3444
9339
1910
5602
2666
2113
9447
2065
3414
6769
1901
3766
7375
136
9231
860
6063
4293
8032
8875
6825
3442
6840
9265
3272
4333
8938
2138
1660
1714
4097
7348
4534
1964
4573
3708
6493
4987
5392
1731
6700
8330
5776
8236
2508
3074
6865
1967
9898
6660
5448
312
3688
4622
3223
2343
8579
2049
5142
1933
7128
2504
9771
6336
3001
4137
7266
6372
9654
3445
5124
2422
4973
3585
8323
6016
6079
8086
4307
4611
3719
7828
8629
9316
3317
4998
7290
7802
3789
3071
2035
4621
674
3212
7215
117
2009
6643
2427
5695
4551
6179
9559
168
1756
9313
8126
4378
8664
3467
1393
7859
6387
8203
3396
2610
2182
1788
1915
7082
3939
7179
1970
9954
3097
836
7400
5533
1038
1357
7606
2424
9713
2187
194
5431
6883
4642
1863
1168
8159
1513
19
8623
6341
3103
3847
5233
9418
3306
9652
1176
9516
7824
3881
4707
2396
432
3716
5268
5200
6460
4829
4524
5189
4714
4586
3960
3487
9177
9960
6129
3156
1447
9654
7400
2413
2257
6642
4915
3265
1410
4709
5445
903
9327
4229
1279
1172
2158
4433
5586
8809
3709
7006
4250
3793
3472
2914
1996
3814
9015
4638
4954
944
7097
9942
5759
794
3586
605
3420
5371
2954
1694
6438
3424
7503
935
7721
5425
8169
3559
5640
3905
1422
6435
1257
4898
3648
913
7507
4873
244
4231
4404
9518
4766
9646
8712
5320
3684
7123
5105
410
4309
5083
2124
3528
5871
9557
7653
9866
8843
5926
1705
6587
9452
4310
9324
7467
3791
4212
4407
4881
2875
4297
798
3940
7702
7006
7112
7672
7867
7936
4708
6584
7654
639
513
175
2369
932
3755
7416
1197
8429
3850
2689
171
9211
1406
9650
7827
9109
1099
4199
7763
6471
7435
4777
277
7256
790
245
4889
1086
5649
794
9606
9433
2623
1693
9103
3707
5992
4668
197
1309
5961
7673
8125
6125
4434
5807
9320
8733
5737
2962
4875
3348
8151
7487
8771
1873
6855
5447
2911
6166
744
3917
8779
7289
4204
2425
8677
621
3007
5944
9561
5737
5734
6905
9439
6092
8102
4473
6870
2558
4814
5242
2097
9112
9502
4753
7317
8953
6386
6456
2658
2536
5279
9692
7212
8902
8213
7048
1312
6188
2535
7891
3009
9153
1882
4201
4993
4967
2231
4004
9107
297
2012
6146
3302
7739
7425
3120
1115
319
8762
2052
1203
3157
8909
8329
9311
3466
6625
1057
7314
7943
8301
1129
4963
649
5660
2613
3362
210
1999
4308
953
4128
3226
9872
6779
2520
9863
356
2055
7095
8040
844
532
6051
6059
7550
8121
3444
129
1398
1967
5587
3228
683
3382
967
3171
3740
9639
8977
8750
7327
2803
4619
7590
6890
9640
4805
5567
4183
2936
159
3989
8432
1469
4872
2787
8068
8083
2455
4299
4027
2747
7564
9057
6753
4893
6322
6615
1833
2815
6570
2033
5119
6980
7475
4749
3621
6780
8082
5229
6846
6439
5418
1280
2197
5469
5440
4493
2884
7798
7785
3122
171
7868
9763
3680
5550
627
3463
2870
3476
6755
1758
7586
9082
704
8455
2435
9948
9383
5855
4512
